
R version 4.2.0 (2022-04-22) -- "Vigorous Calisthenics"
Copyright (C) 2022 The R Foundation for Statistical Computing
Platform: x86_64-pc-linux-gnu (64-bit)

R is free software and comes with ABSOLUTELY NO WARRANTY.
You are welcome to redistribute it under certain conditions.
Type 'license()' or 'licence()' for distribution details.

  Natural language support but running in an English locale

R is a collaborative project with many contributors.
Type 'contributors()' for more information and
'citation()' on how to cite R or R packages in publications.

Type 'demo()' for some demos, 'help()' for on-line help, or
'help.start()' for an HTML browser interface to help.
Type 'q()' to quit R.

> database <- data.frame(
+   x_l = c(0.455,0.35,0.44,0.475,0.43,0.49,0.5,0.365,0.45,0.355,0.59,0.605,0.575,0.58,0.665,0.465,0.355,0.47,0.4,0.485,0.405,0.445,0.47,0.45,0.505,0.425,0.52,0.475,0.555,0.57,0.595,0.62,0.595,0.58,0.625,0.56,0.565,0.555,0.595,0.695,0.665,0.535,0.47,0.47,0.55,0.53,0.53,0.605,0.495,0.465,0.425,0.44,0.405,0.37,0.7,0.71,0.595,0.345,0.375,0.65,0.56,0.475,0.46,0.59,0.515,0.645,0.605,0.61,0.725,0.705,0.695,0.525,0.58,0.57,0.64,0.62,0.615,0.61,0.58,0.5,0.64,0.56,0.585,0.5,0.42,0.335,0.5,0.55,0.45,0.47,0.555,0.565,0.625,0.565,0.59,0.6,0.56,0.56,0.545,0.53,0.27,0.52,0.35,0.47,0.59,0.62,0.63,0.63,0.655,0.61,0.635,0.485,0.515,0.53,0.44,0.54,0.61,0.6,0.49,0.37,0.37,0.36,0.645,0.55,0.57,0.56,0.595,0.63,0.45,0.385,0.335,0.51,0.36,0.5,0.62,0.6,0.59,0.62,0.575,0.62,0.49,0.61,0.57,0.58,0.635,0.7,0.675,0.745,0.605,0.63,0.58,0.63,0.685,0.63,0.565,0.605,0.535,0.485,0.47,0.545,0.54,0.46,0.49,0.475,0.47,0.535,0.585,0.515,0.45,0.59,0.555,0.57,0.59,0.585,0.545,0.63,0.545,0.58,0.6,0.6,0.565,0.545,0.5,0.39,0.5,0.565,0.565,0.605,0.725,0.575,0.38,0.655,0.675,0.53,0.665,0.735,0.66,0.575,0.57,0.63,0.55,0.54,0.59,0.58,0.655,0.625,0.555,0.6,0.56,0.585,0.56,0.31,0.27,0.4,0.28,0.325,0.21,0.2,0.235,0.175,0.155,0.385,0.29,0.275,0.42,0.445,0.32,0.255,0.205,0.35,0.28,0.45,0.535,0.345,0.37,0.35,0.195,0.325,0.415,0.32,0.31,0.235,0.345,0.34,0.46,0.36,0.355,0.38,0.355,0.325,0.33,0.45,0.33,0.48,0.255,0.31,0.295,0.455,0.55,0.475,0.49,0.54,0.485,0.535,0.51,0.565,0.525,0.59,0.5,0.38,0.28,0.385,0.395,0.4,0.415,0.315,0.36,0.375,0.355,0.35,0.555,0.555,0.525,0.465,0.4,0.505,0.525,0.545,0.52,0.505,0.525,0.51,0.52,0.535,0.445,0.53,0.53,0.52,0.535,0.695,0.485,0.65,0.62,0.615,0.57,0.57,0.585,0.64,0.545,0.345,0.385,0.455,0.49,0.53,0.505,0.49,0.465,0.56,0.505,0.515,0.55,0.495,0.47,0.575,0.58,0.515,0.53,0.44,0.52,0.46,0.45,0.425,0.515,0.405,0.505,0.415,0.47,0.49,0.5,0.505,0.525,0.54,0.55,0.555,0.565,0.57,0.57,0.59,0.59,0.6,0.6,0.605,0.615,0.615,0.62,0.63,0.635,0.65,0.655,0.655,0.66,0.66,0.73,0.47,0.475,0.48,0.48,0.48,0.48,0.49,0.495,0.495,0.5,0.5,0.5,0.505,0.51,0.51,0.51,0.515,0.525,0.53,0.535,0.535,0.57,0.57,0.57,0.57,0.575,0.58,0.58,0.59,0.59,0.595,0.595,0.605,0.605,0.61,0.61,0.625,0.63,0.63,0.635,0.635,0.64,0.645,0.645,0.645,0.65,0.65,0.65,0.66,0.66,0.67,0.68,0.69,0.69,0.71,0.715,0.765,0.43,0.47,0.49,0.5,0.52,0.525,0.545,0.545,0.545,0.55,0.56,0.56,0.56,0.565,0.565,0.57,0.575,0.575,0.575,0.575,0.58,0.58,0.58,0.58,0.58,0.585,0.585,0.59,0.6,0.6,0.605,0.605,0.61,0.61,0.61,0.615,0.62,0.62,0.625,0.63,0.63,0.64,0.645,0.65,0.655,0.665,0.685,0.69,0.695,0.7,0.7,0.715,0.715,0.72,0.725,0.735,0.745,0.755,0.495,0.5,0.525,0.535,0.55,0.555,0.565,0.565,0.57,0.57,0.575,0.58,0.58,0.585,0.585,0.585,0.585,0.585,0.585,0.59,0.59,0.6,0.6,0.6,0.605,0.61,0.61,0.61,0.61,0.61,0.615,0.615,0.615,0.615,0.62,0.62,0.625,0.63,0.63,0.635,0.635,0.635,0.64,0.64,0.645,0.645,0.645,0.65,0.65,0.655,0.655,0.675,0.685,0.705,0.705,0.72,0.415,0.44,0.45,0.475,0.485,0.485,0.505,0.515,0.52,0.525,0.53,0.55,0.57,0.575,0.575,0.585,0.59,0.6,0.6,0.62,0.62,0.625,0.625,0.63,0.63,0.63,0.635,0.645,0.65,0.65,0.655,0.66,0.67,0.67,0.67,0.68,0.69,0.7,0.705,0.72,0.725,0.74,0.75,0.475,0.48,0.525,0.525,0.54,0.55,0.56,0.565,0.565,0.57,0.575,0.575,0.575,0.575,0.58,0.58,0.59,0.595,0.595,0.6,0.6,0.6,0.605,0.61,0.61,0.61,0.615,0.615,0.62,0.62,0.625,0.625,0.625,0.63,0.63,0.63,0.63,0.635,0.64,0.64,0.645,0.645,0.645,0.645,0.645,0.645,0.645,0.645,0.65,0.65,0.65,0.655,0.66,0.66,0.66,0.665,0.665,0.665,0.665,0.67,0.67,0.675,0.68,0.685,0.7,0.71,0.71,0.72,0.72,0.735,0.75,0.77,0.775,0.39,0.445,0.465,0.485,0.5,0.515,0.515,0.525,0.525,0.53,0.55,0.57,0.575,0.585,0.6,0.6,0.605,0.605,0.62,0.625,0.625,0.635,0.645,0.65,0.65,0.655,0.695,0.72,0.73,0.515,0.555,0.555,0.555,0.555,0.565,0.565,0.565,0.57,0.57,0.57,0.57,0.575,0.575,0.575,0.575,0.575,0.575,0.58,0.58,0.595,0.6,0.6,0.605,0.61,0.615,0.615,0.615,0.62,0.62,0.62,0.62,0.62,0.625,0.625,0.625,0.63,0.635,0.635,0.635,0.64,0.64,0.645,0.655,0.66,0.665,0.665,0.675,0.68,0.68,0.685,0.69,0.695,0.7,0.7,0.72,0.76,0.45,0.47,0.505,0.505,0.505,0.515,0.525,0.545,0.565,0.58,0.59,0.605,0.61,0.66,0.45,0.46,0.46,0.465,0.485,0.5+ ,0.505,0.525,0.535,0.55,0.58,0.595,0.61,0.645,0.65,0.685,0.72,0.775,0.53,0.415,0.5,0.425,0.47,0.5,0.375,0.585,0.595,0.665,0.62,0.525,0.425,0.385,0.47,0.62,0.595,0.585,0.32,0.44,0.565,0.68,0.47,0.455,0.465,0.46,0.415,0.27,0.445,0.55,0.58,0.61,0.62,0.56,0.69,0.375,0.335,0.285,0.595,0.575,0.535,0.55,0.495,0.445,0.495,0.47,0.58,0.645,0.57,0.615,0.42,0.42,0.66,0.565,0.63,0.495,0.58,0.59,0.37,0.555,0.595,0.6,0.585,0.415,0.465,0.46,0.36,0.655,0.6,0.65,0.51,0.52,0.495,0.43,0.55,0.585,0.57,0.635,0.695,0.655,0.51,0.525,0.44,0.475,0.525,0.475,0.46,0.59,0.455,0.47,0.35,0.595,0.575,0.535,0.515,0.49,0.53,0.43,0.475,0.59,0.695,0.61,0.56,0.655,0.64,0.67,0.505,0.525,0.59,0.7,0.635,0.555,0.575,0.585,0.55,0.57,0.695,0.65,0.18,0.34,0.175,0.155,0.42,0.37,0.33,0.29,0.31,0.4,0.425,0.31,0.35,0.26,0.26,0.34,0.515,0.465,0.54,0.475,0.5,0.5,0.35,0.395,0.445,0.44,0.515,0.5,0.425,0.51,0.54,0.615,0.565,0.645,0.605,0.645,0.57,0.39,0.52,0.46,0.5,0.49,0.44,0.4,0.45,0.505,0.495,0.54,0.465,0.48,0.5,0.525,0.54,0.545,0.58,0.59,0.59,0.595,0.605,0.63,0.64,0.66,0.465,0.48,0.5,0.515,0.525,0.525,0.53,0.54,0.575,0.59,0.6,0.61,0.615,0.625,0.63,0.645,0.645,0.67,0.69,0.695,0.765,0.77,0.49,0.5,0.505,0.545,0.545,0.565,0.57,0.58,0.59,0.59,0.595,0.595,0.6,0.615,0.615,0.62,0.62,0.625,0.625,0.63,0.63,0.63,0.645,0.645,0.65,0.65,0.65,0.66,0.67,0.67,0.68,0.68,0.7,0.7,0.725,0.735,0.75,0.45,0.48,0.515,0.535,0.58,0.585,0.59,0.59,0.595,0.6,0.6,0.6,0.6,0.61,0.625,0.625,0.63,0.63,0.63,0.64,0.64,0.64,0.64,0.65,0.65,0.7,0.71,0.72,0.725,0.5,0.52,0.535,0.57,0.58,0.59,0.59,0.595,0.6,0.6,0.605,0.625,0.625,0.63,0.63,0.665,0.695,0.735,0.74,0.505,0.52,0.53,0.575,0.58,0.58,0.58,0.59,0.595,0.595,0.6,0.6,0.605,0.61,0.615,0.62,0.625,0.625,0.625,0.63,0.63,0.635,0.635,0.635,0.64,0.64,0.645,0.65,0.67,0.67,0.67,0.68,0.685,0.69,0.715,0.72,0.735,0.745,0.485,0.49,0.535,0.555,0.555,0.56,0.595,0.61,0.61,0.64,0.64,0.645,0.68,0.7,0.73,0.535,0.54,0.56,0.57,0.575,0.575,0.585,0.59,0.59,0.595,0.595,0.6,0.615,0.615,0.63,0.63,0.635,0.65,0.65,0.655,0.665,0.675,0.685,0.71,0.455,0.46,0.495,0.51,0.525,0.53,0.545,0.575,0.58,0.595,0.6,0.645,0.66,0.465,0.51,0.56,0.575,0.585,0.615,0.67,0.675,0.46,0.46,0.535,0.465,0.51,0.55,0.55,0.585,0.425,0.54,0.505,0.535,0.55,0.64,0.605,0.605,0.56,0.525,0.35,0.45,0.38,0.5,0.645,0.565,0.72,0.55,0.65,0.565,0.45,0.335,0.565,0.63,0.425,0.675,0.5,0.385,0.52,0.52,0.64,0.57,0.41,0.485,0.665,0.635,0.695,0.555,0.65,0.635,0.55,0.595,0.3,0.48,0.505,0.455,0.64,0.565,0.48,0.41,0.52,0.465,0.46,0.485,0.525,0.69,0.55,0.565,0.55,0.535,0.53,0.575,0.59,0.645,0.605,0.275,0.4,0.35,0.44,0.265,0.165,0.345,0.43,0.415,0.285,0.41,0.41,0.33,0.28,0.455,0.33,0.54,0.335,0.545,0.495,0.5,0.515,0.545,0.74,0.565,0.56,0.545,0.645,0.575,0.62,0.605,0.365,0.53,0.48,0.455,0.37,0.49,0.56,0.58,0.59,0.6,0.61,0.64,0.71,0.74,0.48,0.52,0.52,0.55,0.6,0.615,0.62,0.625,0.635,0.64,0.66,0.72,0.535,0.55,0.555,0.555,0.56,0.575,0.59,0.6,0.6,0.61,0.625,0.625,0.65,0.655,0.67,0.71,0.715,0.435,0.505,0.535,0.57,0.575,0.58,0.6,0.6,0.625,0.625,0.625,0.635,0.65,0.65,0.655,0.66,0.675,0.685,0.715,0.735,0.515,0.545,0.58,0.6,0.615,0.615,0.615,0.62,0.63,0.655,0.66,0.69,0.715,0.53,0.535,0.545,0.59,0.6,0.605,0.61,0.615,0.62,0.62,0.62,0.64,0.645,0.65,0.65,0.65,0.65,0.65,0.65,0.66,0.67,0.675,0.685,0.685,0.705,0.71,0.78,0.43,0.495,0.505,0.51,0.515,0.605,0.615,0.615,0.625,0.625,0.53,0.53,0.53,0.555,0.56,0.575,0.58,0.585,0.595,0.615,0.615,0.62,0.625,0.625,0.63,0.67,0.675,0.695,0.74,0.425,0.515,0.555,0.465,0.475,0.565,0.57,0.57,0.595,0.62,0.625,0.68,0.68,0.5,0.535,0.335,0.41,0.52,0.5,0.575,0.57,0.455,0.445,0.385,0.56,0.55,0.41,0.655,0.475,0.525,0.545,0.295,0.545,0.45,0.54,0.62,0.515,0.495,0.76,0.445,0.635,0.575,0.38,0.245,0.455,0.295,0.375,0.395,0.52,0.53,0.555,0.505,0.55,0.55,0.525,0.475,0.485,0.69,0.695,0.415,0.485,0.495,0.565,0.6,0.63,0.665,0.67,0.685,0.7,0.72,0.52,0.585,0.585,0.61,0.61,0.615,0.625,0.625,0.635,0.66,0.66,0.66,0.72,0.51,0.59,0.6,0.62,0.625,0.625,0.625,0.625,0.645,0.515,0.62,0.63,0.545,0.55,0.55,0.56,0.57,0.585,0.59,0.6,0.61,0.615,0.625,0.63,0.63,0.635,0.67,0.68,0.7,0.48,0.51,0.625,0.65,0.35,0.55,0.555,0.58,0.585,0.63,0.63,0.655,0.67,0.67+ ,0.695,0.695,0.77,0.475,0.475,0.385,0.5,0.52,0.55,0.56,0.59,0.6,0.71),
+   x_d = c(0.365,0.265,0.365,0.37,0.35,0.38,0.4,0.295,0.32,0.28,0.445,0.475,0.425,0.47,0.525,0.355,0.29,0.37,0.32,0.36,0.31,0.35,0.385,0.345,0.405,0.325,0.4,0.355,0.425,0.48,0.475,0.51,0.475,0.45,0.465,0.44,0.425,0.44,0.465,0.56,0.535,0.435,0.375,0.37,0.435,0.435,0.415,0.47,0.395,0.36,0.35,0.34,0.305,0.265,0.535,0.54,0.48,0.255,0.285,0.52,0.455,0.375,0.35,0.475,0.405,0.485,0.465,0.485,0.57,0.56,0.55,0.435,0.475,0.48,0.51,0.49,0.48,0.485,0.45,0.405,0.5,0.45,0.46,0.4,0.335,0.25,0.405,0.405,0.35,0.36,0.445,0.44,0.505,0.425,0.47,0.495,0.45,0.45,0.46,0.42,0.2,0.45,0.275,0.39,0.5,0.485,0.505,0.515,0.54,0.5,0.525,0.395,0.38,0.435,0.355,0.435,0.475,0.495,0.395,0.28,0.28,0.27,0.515,0.41,0.435,0.44,0.455,0.485,0.35,0.31,0.265,0.4,0.295,0.38,0.465,0.475,0.45,0.475,0.455,0.465,0.39,0.48,0.46,0.455,0.515,0.58,0.525,0.585,0.49,0.515,0.465,0.49,0.52,0.49,0.465,0.47,0.42,0.4,0.375,0.425,0.42,0.38,0.42,0.375,0.38,0.44,0.455,0.455,0.355,0.485,0.45,0.44,0.5,0.475,0.44,0.515,0.41,0.45,0.5,0.47,0.455,0.42,0.41,0.3,0.415,0.435,0.455,0.5,0.565,0.47,0.285,0.53,0.555,0.415,0.54,0.59,0.545,0.4,0.465,0.48,0.45,0.42,0.455,0.46,0.53,0.5,0.45,0.47,0.46,0.455,0.435,0.22,0.195,0.29,0.2,0.23,0.15,0.14,0.16,0.125,0.11,0.3,0.23,0.205,0.325,0.35,0.245,0.195,0.155,0.255,0.21,0.335,0.42,0.27,0.285,0.265,0.145,0.24,0.345,0.24,0.225,0.17,0.255,0.265,0.365,0.295,0.265,0.235,0.26,0.24,0.255,0.34,0.215,0.375,0.18,0.225,0.215,0.35,0.425,0.385,0.39,0.415,0.37,0.405,0.4,0.44,0.4,0.44,0.375,0.29,0.205,0.285,0.295,0.3,0.325,0.25,0.295,0.3,0.265,0.255,0.455,0.44,0.41,0.36,0.305,0.4,0.4,0.42,0.4,0.38,0.425,0.39,0.385,0.41,0.345,0.44,0.415,0.385,0.42,0.515,0.355,0.515,0.505,0.525,0.44,0.43,0.405,0.51,0.45,0.27,0.275,0.34,0.38,0.41,0.385,0.38,0.35,0.41,0.385,0.435,0.415,0.385,0.37,0.45,0.465,0.405,0.41,0.335,0.42,0.34,0.335,0.33,0.38,0.305,0.405,0.305,0.375,0.385,0.4,0.44,0.395,0.405,0.45,0.435,0.45,0.455,0.435,0.475,0.46,0.475,0.495,0.455,0.51,0.505,0.5,0.505,0.51,0.525,0.52,0.58,0.53,0.52,0.595,0.365,0.37,0.375,0.385,0.36,0.365,0.385,0.395,0.4,0.39,0.385,0.4,0.41,0.39,0.405,0.41,0.39,0.4,0.405,0.43,0.435,0.45,0.45,0.445,0.46,0.475,0.455,0.49,0.465,0.47,0.475,0.455,0.475,0.47,0.47,0.475,0.49,0.485,0.48,0.49,0.525,0.505,0.52,0.52,0.5,0.495,0.52,0.525,0.535,0.495,0.525,0.535,0.525,0.505,0.565,0.565,0.6,0.335,0.36,0.465,0.39,0.4,0.405,0.39,0.41,0.415,0.425,0.43,0.445,0.415,0.455,0.435,0.46,0.435,0.455,0.445,0.445,0.455,0.455,0.445,0.45,0.45,0.46,0.465,0.47,0.455,0.465,0.475,0.48,0.485,0.485,0.47,0.46,0.47,0.45,0.48,0.47,0.5,0.515,0.53,0.5,0.515,0.525,0.52,0.53,0.56,0.565,0.575,0.55,0.535,0.565,0.505,0.585,0.565,0.58,0.395,0.42,0.42,0.435,0.43,0.44,0.445,0.39,0.435,0.435,0.46,0.46,0.455,0.465,0.49,0.46,0.47,0.475,0.45,0.47,0.455,0.475,0.48,0.46,0.49,0.45,0.48,0.475,0.48,0.46,0.47,0.5,0.475,0.48,0.51,0.495,0.455,0.485,0.495,0.49,0.475,0.51,0.565,0.525,0.51,0.5,0.525,0.525,0.51,0.535,0.49,0.545,0.545,0.565,0.555,0.575,0.315,0.32,0.335,0.37,0.39,0.37,0.385,0.425,0.4,0.4,0.4,0.425,0.445,0.465,0.46,0.455,0.44,0.455,0.465,0.485,0.48,0.52,0.47,0.47,0.455,0.48,0.51,0.51,0.515,0.485,0.51,0.505,0.545,0.51,0.5,0.515,0.525,0.555,0.56,0.565,0.575,0.57,0.55,0.36,0.355,0.415,0.4,0.455,0.435,0.425,0.44,0.43,0.45,0.455,0.47,0.445,0.44,0.46,0.43,0.49,0.45,0.45,0.48,0.47,0.47,0.475,0.475,0.47,0.47,0.47,0.475,0.515,0.48,0.49,0.475,0.5,0.505,0.49,0.485,0.495,0.5,0.515,0.525,0.505,0.5,0.5,0.51,0.51,0.51,0.5,0.485,0.505,0.525,0.51,0.55,0.5,0.53,0.51,0.525,0.505,0.52,0.5,0.505,0.52,0.525,0.52,0.52,0.565,0.575,0.56,0.57,0.55,0.59,0.595,0.62,0.63,0.28,0.32,0.36,0.37,0.37,0.35,0.395,0.365,0.38,0.41,0.42,0.455,0.44,0.455,0.495,0.465,0.475,0.475,0.47,0.495,0.49,0.495,0.5,0.525,0.485,0.545,0.53,0.56,0.575,0.385,0.435,0.41,0.4,0.455,0.415,0.455,0.45,0.46,0.455,0.44,0.415,0.45,0.45,0.435,0.455,0.445,0.475,0.44,0.44,0.455,0.46,0.475,0.47,0.48,0.47,0.47,0.495,0.49,0.49,0.495,0.47,0.485,0.495,0.515,0.505,0.49,0.525,0.5,0.515,0.53,0.49,0.49,0.52,0.51,0.515,0.525,0.515,0.54,0.54,0.535,0.55,0.545,0.55,0.55,0.565,0.605,0.33,0.365,0.39,0.395,0.385,0.4,0.41,0.44,0.445,0.46,0.465,0.445,0.49,0.515,0.35,0.345,0.345,0.+ 36,0.39,0.39,0.385,0.385,0.42,0.41,0.45,0.465,0.48,0.495,0.5,0.55,0.585,0.57,0.425,0.3,0.39,0.33,0.35,0.38,0.29,0.48,0.455,0.535,0.49,0.405,0.325,0.295,0.375,0.51,0.47,0.455,0.24,0.35,0.425,0.53,0.37,0.35,0.35,0.375,0.31,0.195,0.355,0.44,0.46,0.5,0.495,0.42,0.55,0.305,0.235,0.21,0.465,0.45,0.42,0.43,0.4,0.34,0.385,0.37,0.47,0.495,0.405,0.48,0.345,0.34,0.505,0.47,0.51,0.39,0.465,0.475,0.28,0.43,0.475,0.48,0.465,0.315,0.36,0.375,0.27,0.59,0.485,0.495,0.395,0.38,0.415,0.335,0.46,0.43,0.45,0.51,0.57,0.525,0.405,0.405,0.375,0.375,0.425,0.36,0.375,0.49,0.355,0.375,0.265,0.47,0.435,0.435,0.42,0.395,0.435,0.345,0.395,0.46,0.55,0.49,0.455,0.485,0.52,0.55,0.4,0.43,0.475,0.53,0.495,0.44,0.47,0.455,0.45,0.475,0.57,0.545,0.125,0.275,0.135,0.115,0.34,0.29,0.25,0.225,0.245,0.315,0.315,0.235,0.255,0.2,0.19,0.255,0.4,0.355,0.415,0.355,0.355,0.38,0.26,0.305,0.35,0.325,0.405,0.39,0.325,0.415,0.415,0.475,0.44,0.515,0.49,0.485,0.42,0.285,0.4,0.36,0.385,0.39,0.325,0.305,0.36,0.4,0.4,0.41,0.375,0.37,0.4,0.425,0.42,0.45,0.46,0.455,0.48,0.49,0.475,0.5,0.585,0.535,0.34,0.37,0.375,0.395,0.415,0.425,0.41,0.435,0.45,0.465,0.46,0.48,0.47,0.48,0.48,0.49,0.5,0.52,0.54,0.525,0.585,0.6,0.38,0.38,0.4,0.42,0.42,0.43,0.45,0.455,0.47,0.46,0.47,0.46,0.49,0.45,0.475,0.49,0.48,0.495,0.48,0.505,0.51,0.465,0.515,0.48,0.515,0.52,0.51,0.515,0.5,0.51,0.52,0.53,0.525,0.55,0.55,0.57,0.555,0.325,0.375,0.41,0.43,0.44,0.465,0.47,0.475,0.475,0.48,0.495,0.45,0.51,0.48,0.5,0.49,0.505,0.47,0.525,0.505,0.485,0.495,0.515,0.52,0.51,0.54,0.565,0.55,0.57,0.365,0.4,0.405,0.42,0.445,0.47,0.485,0.435,0.475,0.45,0.475,0.475,0.5,0.49,0.485,0.515,0.54,0.57,0.595,0.365,0.465,0.405,0.45,0.465,0.46,0.445,0.5,0.47,0.46,0.45,0.465,0.49,0.48,0.455,0.475,0.495,0.515,0.49,0.53,0.51,0.52,0.485,0.515,0.505,0.575,0.495,0.52,0.525,0.525,0.54,0.515,0.505,0.515,0.55,0.58,0.59,0.575,0.365,0.355,0.405,0.405,0.425,0.425,0.485,0.475,0.485,0.485,0.495,0.505,0.54,0.545,0.585,0.41,0.42,0.45,0.45,0.47,0.445,0.45,0.435,0.405,0.47,0.48,0.45,0.485,0.49,0.515,0.495,0.5,0.505,0.51,0.54,0.525,0.52,0.51,0.56,0.35,0.355,0.38,0.395,0.4,0.415,0.435,0.48,0.43,0.455,0.465,0.5,0.525,0.405,0.415,0.42,0.45,0.46,0.495,0.515,0.505,0.36,0.35,0.42,0.36,0.4,0.425,0.42,0.45,0.335,0.41,0.395,0.44,0.435,0.49,0.49,0.47,0.45,0.405,0.265,0.355,0.3,0.385,0.505,0.44,0.575,0.405,0.515,0.435,0.335,0.265,0.45,0.51,0.34,0.525,0.4,0.305,0.435,0.415,0.525,0.455,0.325,0.41,0.535,0.51,0.53,0.435,0.525,0.48,0.435,0.5,0.24,0.38,0.385,0.375,0.505,0.45,0.38,0.31,0.425,0.36,0.355,0.385,0.415,0.54,0.45,0.44,0.46,0.42,0.405,0.455,0.45,0.5,0.485,0.2,0.31,0.26,0.35,0.2,0.125,0.265,0.33,0.32,0.215,0.315,0.3,0.245,0.21,0.345,0.235,0.405,0.255,0.435,0.4,0.375,0.4,0.41,0.535,0.465,0.44,0.42,0.515,0.435,0.48,0.475,0.285,0.43,0.395,0.345,0.28,0.395,0.45,0.46,0.47,0.475,0.47,0.51,0.55,0.605,0.37,0.39,0.395,0.44,0.475,0.505,0.485,0.485,0.495,0.5,0.525,0.565,0.42,0.44,0.44,0.44,0.415,0.44,0.46,0.41,0.475,0.47,0.495,0.47,0.505,0.52,0.525,0.57,0.545,0.335,0.39,0.415,0.47,0.45,0.47,0.47,0.475,0.48,0.49,0.485,0.495,0.515,0.515,0.525,0.515,0.515,0.53,0.52,0.555,0.39,0.43,0.45,0.46,0.475,0.475,0.495,0.46,0.515,0.505,0.53,0.53,0.525,0.41,0.405,0.41,0.465,0.47,0.49,0.45,0.47,0.5,0.525,0.48,0.5,0.51,0.52,0.495,0.495,0.525,0.51,0.525,0.51,0.54,0.51,0.55,0.535,0.55,0.555,0.6,0.31,0.375,0.4,0.38,0.37,0.455,0.505,0.475,0.48,0.47,0.425,0.425,0.42,0.46,0.465,0.465,0.45,0.47,0.48,0.48,0.455,0.48,0.495,0.5,0.49,0.52,0.54,0.58,0.58,0.305,0.385,0.445,0.355,0.385,0.445,0.45,0.44,0.46,0.46,0.47,0.54,0.52,0.385,0.41,0.26,0.325,0.425,0.42,0.45,0.45,0.35,0.37,0.3,0.44,0.41,0.335,0.515,0.37,0.395,0.44,0.225,0.45,0.355,0.425,0.5,0.4,0.38,0.575,0.345,0.48,0.47,0.27,0.18,0.355,0.23,0.28,0.28,0.41,0.425,0.42,0.39,0.45,0.44,0.41,0.365,0.385,0.55,0.55,0.315,0.39,0.375,0.455,0.465,0.48,0.515,0.51,0.51,0.6,0.6,0.395,0.465,0.455,0.49,0.475,0.53,0.505,0.48,0.48,0.505,0.485,0.515,0.545,0.405,0.45,0.46,0.485,0.495,0.495,0.5,0.47,0.51,0.39,0.465,0.49,0.45,0.43,0.385,0.45,0.445,0.51,0.45,0.47,0.365,0.475,0.5,0.485,0.53,0.5,0.525,0.545,0.545,0.365,0.41,0.48,0.525,0.265,0.42,0.435,0.45,0.45,0.505,0.+ 49,0.525,0.535,0.525,0.53,0.55,0.605,0.37,0.36,0.255,0.38,0.385,0.43,0.43,0.44,0.475,0.555),
+   x_h = c(0.095,0.09,0.125,0.125,0.11,0.135,0.13,0.08,0.1,0.095,0.14,0.18,0.14,0.165,0.165,0.105,0.09,0.12,0.095,0.13,0.1,0.12,0.135,0.105,0.11,0.095,0.12,0.12,0.13,0.175,0.14,0.175,0.16,0.14,0.14,0.16,0.135,0.15,0.175,0.19,0.195,0.15,0.13,0.13,0.145,0.16,0.14,0.16,0.125,0.105,0.105,0.105,0.085,0.075,0.16,0.165,0.165,0.09,0.095,0.19,0.155,0.13,0.12,0.145,0.13,0.215,0.165,0.175,0.19,0.22,0.215,0.155,0.15,0.18,0.175,0.19,0.18,0.17,0.15,0.155,0.185,0.16,0.185,0.165,0.115,0.09,0.14,0.14,0.13,0.135,0.135,0.175,0.215,0.16,0.18,0.165,0.175,0.185,0.16,0.165,0.08,0.15,0.11,0.15,0.2,0.205,0.225,0.155,0.215,0.24,0.205,0.14,0.175,0.155,0.125,0.18,0.165,0.195,0.14,0.105,0.1,0.1,0.24,0.125,0.145,0.14,0.195,0.175,0.1,0.1,0.105,0.13,0.105,0.155,0.19,0.19,0.185,0.185,0.145,0.185,0.14,0.15,0.14,0.17,0.17,0.205,0.185,0.215,0.18,0.16,0.145,0.18,0.15,0.19,0.175,0.18,0.145,0.135,0.12,0.135,0.155,0.135,0.125,0.125,0.145,0.15,0.15,0.135,0.115,0.12,0.145,0.095,0.165,0.12,0.12,0.165,0.14,0.175,0.16,0.155,0.17,0.14,0.15,0.09,0.165,0.185,0.185,0.175,0.215,0.14,0.1,0.195,0.2,0.175,0.175,0.225,0.185,0.155,0.125,0.145,0.13,0.135,0.145,0.13,0.175,0.195,0.175,0.175,0.235,0.225,0.18,0.085,0.08,0.115,0.08,0.09,0.05,0.055,0.06,0.04,0.04,0.095,0.075,0.07,0.115,0.115,0.075,0.065,0.045,0.065,0.08,0.14,0.15,0.09,0.1,0.09,0.05,0.075,0.135,0.085,0.075,0.055,0.08,0.085,0.125,0.1,0.09,0.1,0.085,0.085,0.095,0.13,0.075,0.145,0.065,0.08,0.075,0.12,0.155,0.145,0.15,0.145,0.14,0.185,0.14,0.185,0.17,0.15,0.15,0.12,0.1,0.105,0.115,0.125,0.14,0.09,0.13,0.1,0.085,0.08,0.16,0.15,0.13,0.08,0.085,0.125,0.13,0.13,0.12,0.13,0.12,0.125,0.115,0.135,0.09,0.205,0.13,0.14,0.13,0.175,0.12,0.175,0.185,0.155,0.155,0.12,0.15,0.19,0.15,0.095,0.115,0.135,0.14,0.165,0.145,0.14,0.14,0.165,0.15,0.145,0.175,0.135,0.18,0.165,0.16,0.145,0.155,0.11,0.16,0.135,0.125,0.13,0.135,0.12,0.14,0.1,0.12,0.125,0.125,0.14,0.13,0.125,0.15,0.145,0.155,0.15,0.13,0.165,0.13,0.175,0.175,0.16,0.15,0.165,0.165,0.165,0.17,0.175,0.165,0.205,0.17,0.19,0.23,0.12,0.125,0.115,0.145,0.1,0.12,0.125,0.135,0.135,0.135,0.135,0.125,0.125,0.135,0.15,0.145,0.155,0.14,0.125,0.14,0.14,0.155,0.155,0.14,0.17,0.16,0.15,0.13,0.155,0.16,0.165,0.15,0.155,0.165,0.15,0.155,0.175,0.155,0.15,0.175,0.185,0.155,0.175,0.175,0.175,0.16,0.21,0.185,0.19,0.195,0.165,0.185,0.175,0.2,0.205,0.175,0.22,0.12,0.105,0.125,0.125,0.145,0.12,0.135,0.12,0.14,0.15,0.145,0.16,0.145,0.15,0.15,0.15,0.14,0.135,0.17,0.145,0.15,0.195,0.135,0.14,0.145,0.145,0.16,0.15,0.17,0.155,0.14,0.17,0.16,0.145,0.165,0.17,0.135,0.2,0.185,0.155,0.175,0.165,0.195,0.155,0.16,0.16,0.165,0.21,0.185,0.18,0.19,0.19,0.19,0.145,0.185,0.185,0.215,0.205,0.12,0.135,0.155,0.15,0.15,0.14,0.15,0.125,0.17,0.125,0.155,0.155,0.135,0.155,0.185,0.165,0.165,0.15,0.18,0.18,0.155,0.17,0.155,0.155,0.14,0.15,0.165,0.17,0.17,0.16,0.165,0.17,0.17,0.175,0.175,0.18,0.17,0.145,0.16,0.16,0.17,0.155,0.23,0.18,0.16,0.195,0.16,0.175,0.19,0.205,0.175,0.185,0.205,0.515,0.215,0.215,0.115,0.12,0.125,0.125,0.085,0.13,0.105,0.145,0.125,0.14,0.125,0.16,0.15,0.15,0.165,0.15,0.15,0.155,0.2,0.155,0.165,0.175,0.18,0.145,0.15,0.15,0.185,0.155,0.175,0.14,0.215,0.165,0.2,0.175,0.19,0.17,0.2,0.2,0.165,0.2,0.24,0.18,0.18,0.1,0.16,0.145,0.155,0.14,0.14,0.135,0.125,0.15,0.14,0.165,0.185,0.16,0.16,0.155,0.13,0.165,0.14,0.145,0.165,0.165,0.16,0.145,0.155,0.16,0.17,0.16,0.175,0.175,0.15,0.165,0.16,0.17,0.17,0.17,0.165,0.175,0.17,0.18,0.185,0.15,0.175,0.19,0.19,0.195,0.16,0.175,0.15,0.19,0.185,0.16,0.18,0.165,0.195,0.165,0.175,0.16,0.175,0.175,0.16,0.165,0.16,0.195,0.15,0.175,0.215,0.22,0.2,0.205,0.215,0.205,0.195,0.25,0.125,0.12,0.115,0.155,0.15,0.155,0.135,0.17,0.125,0.14,0.16,0.175,0.185,0.145,0.175,0.165,0.175,0.15,0.145,0.175,0.185,0.195,0.16,0.19,0.16,0.19,0.19,0.18,0.21,0.11,0.14,0.125,0.13,0.135,0.125,0.155,0.16,0.155,0.155,0.175,0.13,0.13,0.155,0.135,0.155,0.145,0.145,0.15,0.16,0.15,0.17,0.15,0.18,0.14,0.145,0.15,0.2,0.16,0.15,0.195,0.15,0.155,0.155,0.17,0.185,0.155,0.16,0.165,0.165,0.165,0.155,0.175,0.17,0.175,0.2,0.18,0.15,0.19,0.155,0.155,0.18,0.185,0.175,0.195,0.19,0.215,0.105,0.135,0.12,0.135,0.115,0.14,0.13,0.14,0.1+ 45,0.16,0.165,0.14,0.16,0.195,0.13,0.12,0.11,0.11,0.135,0.135,0.13,0.1,0.125,0.13,0.12,0.15,0.165,0.15,0.14,0.2,0.22,0.22,0.13,0.1,0.145,0.08,0.1,0.155,0.1,0.185,0.155,0.225,0.17,0.13,0.1,0.095,0.115,0.175,0.15,0.14,0.08,0.11,0.1,0.205,0.105,0.105,0.12,0.135,0.09,0.07,0.11,0.135,0.165,0.165,0.175,0.195,0.2,0.09,0.085,0.075,0.125,0.185,0.165,0.16,0.155,0.12,0.135,0.135,0.165,0.185,0.16,0.19,0.105,0.115,0.2,0.195,0.23,0.15,0.175,0.155,0.095,0.165,0.17,0.175,0.19,0.125,0.13,0.14,0.09,0.2,0.175,0.18,0.145,0.135,0.165,0.115,0.175,0.16,0.16,0.21,0.2,0.185,0.13,0.135,0.13,0.12,0.12,0.12,0.13,0.135,0.13,0.13,0.11,0.145,0.15,0.155,0.14,0.135,0.135,0.115,0.135,0.155,0.22,0.15,0.165,0.195,0.2,0.17,0.13,0.165,0.16,0.19,0.15,0.135,0.15,0.125,0.155,0.195,0.23,0.16,0.05,0.09,0.04,0.025,0.125,0.09,0.09,0.08,0.095,0.105,0.125,0.06,0.085,0.065,0.075,0.095,0.16,0.125,0.17,0.125,0.14,0.135,0.09,0.105,0.14,0.08,0.14,0.13,0.12,0.14,0.13,0.17,0.175,0.175,0.145,0.155,0.155,0.095,0.165,0.135,0.145,0.135,0.115,0.13,0.16,0.155,0.14,0.145,0.11,0.135,0.13,0.19,0.12,0.15,0.18,0.16,0.16,0.185,0.175,0.185,0.195,0.2,0.105,0.1,0.145,0.12,0.135,0.125,0.14,0.14,0.155,0.14,0.15,0.15,0.155,0.17,0.165,0.16,0.175,0.19,0.185,0.175,0.18,0.215,0.11,0.12,0.135,0.145,0.12,0.13,0.135,0.13,0.15,0.14,0.165,0.14,0.21,0.15,0.175,0.155,0.15,0.185,0.145,0.15,0.175,0.15,0.16,0.15,0.125,0.175,0.155,0.165,0.2,0.18,0.165,0.18,0.175,0.2,0.2,0.175,0.215,0.115,0.12,0.14,0.155,0.175,0.165,0.145,0.14,0.14,0.09,0.185,0.145,0.185,0.185,0.14,0.165,0.175,0.15,0.195,0.155,0.15,0.17,0.08,0.155,0.175,0.205,0.2,0.205,0.19,0.13,0.105,0.14,0.14,0.16,0.155,0.155,0.16,0.175,0.16,0.19,0.175,0.13,0.165,0.16,0.19,0.195,0.21,0.19,0.115,0.15,0.15,0.165,0.15,0.15,0.15,0.15,0.155,0.17,0.195,0.165,0.18,0.14,0.15,0.195,0.175,0.165,0.12,0.18,0.17,0.175,0.18,0.16,0.18,0.175,0.19,0.195,0.17,0.195,0.175,0.16,0.19,0.18,0.175,0.19,0.205,0.2,0.155,0.155,0.175,0.19,0.15,0.135,0.15,0.175,0.17,0.16,0.165,0.185,0.21,0.185,0.225,0.12,0.19,0.145,0.145,0.15,0.14,0.175,0.165,0.15,0.175,0.14,0.15,0.215,0.17,0.175,0.18,0.18,0.17,0.175,0.165,0.155,0.145,0.165,0.175,0.11,0.14,0.12,0.125,0.13,0.12,0.145,0.15,0.125,0.145,0.18,0.18,0.2,0.135,0.145,0.15,0.135,0.15,0.155,0.165,0.16,0.125,0.125,0.125,0.105,0.14,0.16,0.17,0.15,0.1,0.13,0.125,0.165,0.11,0.14,0.155,0.115,0.155,0.16,0.09,0.12,0.1,0.135,0.165,0.115,0.23,0.15,0.18,0.185,0.14,0.095,0.14,0.19,0.12,0.175,0.145,0.09,0.195,0.175,0.2,0.15,0.12,0.15,0.155,0.155,0.15,0.135,0.19,0.19,0.16,0.165,0.09,0.13,0.11,0.125,0.165,0.115,0.135,0.125,0.155,0.125,0.11,0.125,0.16,0.185,0.17,0.155,0.13,0.16,0.13,0.185,0.12,0.19,0.175,0.08,0.11,0.09,0.14,0.065,0.04,0.09,0.095,0.1,0.075,0.095,0.1,0.085,0.065,0.125,0.09,0.155,0.075,0.165,0.12,0.13,0.125,0.145,0.185,0.15,0.16,0.125,0.185,0.13,0.16,0.16,0.085,0.135,0.15,0.15,0.105,0.12,0.14,0.15,0.135,0.15,0.155,0.17,0.2,0.2,0.13,0.12,0.125,0.155,0.155,0.19,0.165,0.17,0.155,0.17,0.18,0.2,0.16,0.16,0.145,0.15,0.13,0.145,0.145,0.145,0.16,0.175,0.18,0.175,0.18,0.18,0.18,0.195,0.18,0.11,0.115,0.135,0.155,0.155,0.165,0.15,0.23,0.16,0.165,0.16,0.17,0.185,0.18,0.16,0.2,0.145,0.17,0.18,0.22,0.14,0.155,0.16,0.18,0.155,0.19,0.2,0.16,0.17,0.165,0.175,0.19,0.2,0.125,0.14,0.14,0.135,0.16,0.165,0.19,0.175,0.18,0.155,0.165,0.175,0.19,0.17,0.17,0.16,0.205,0.175,0.19,0.18,0.195,0.17,0.19,0.175,0.21,0.175,0.21,0.13,0.155,0.15,0.135,0.115,0.16,0.165,0.15,0.18,0.15,0.155,0.13,0.135,0.16,0.145,0.12,0.155,0.145,0.185,0.185,0.13,0.155,0.155,0.185,0.16,0.175,0.175,0.2,0.205,0.11,0.13,0.13,0.12,0.12,0.14,0.14,0.145,0.155,0.17,0.17,0.195,0.175,0.12,0.15,0.075,0.1,0.125,0.125,0.16,0.155,0.105,0.125,0.115,0.13,0.15,0.115,0.2,0.125,0.165,0.165,0.09,0.16,0.115,0.12,0.2,0.14,0.135,0.19,0.14,0.235,0.165,0.095,0.065,0.135,0.085,0.095,0.08,0.115,0.11,0.145,0.105,0.175,0.16,0.165,0.14,0.105,0.195,0.205,0.12,0.12,0.115,0.15,0.155,0.185,0.165,0.2,0.18,0.23,0.235,0.125,0.15,0.155,0.16,0.15,0.17,0.175,0.175,0.145,0.19,0.155,0.155,0.195,0.125,0.16,0.155,0.145,0.155,0.175,0.175,0.145,0.165,0.12,0.145,0.15,0.15,0.18,0.13,0.145,0.16,0.16,0.155,0.13,0.155,0.205,0.18,0.18,0.175,0.18,0.1+ 8,0.185,0.215,0.13,0.155,0.16,0.185,0.09,0.145,0.145,0.14,0.15,0.155,0.155,0.18,0.19,0.2,0.21,0.195,0.175,0.11,0.14,0.1,0.125,0.165,0.13,0.155,0.135,0.205,0.195),
+ 
+   x_whole = c(0.514,0.2255,0.516,0.5095,0.406,0.5415,0.6645,0.2555,0.381,0.2455,0.931,0.9365,0.8635,0.9975,1.338,0.4795,0.3275,0.5795,0.303,0.5415,0.385,0.4425,0.5895,0.4115,0.625,0.3785,0.58,0.48,0.7665,1.185,0.944,1.615,1.3175,1.013,1.195,0.8645,0.8115,0.755,1.115,1.494,1.606,0.725,0.523,0.5225,0.843,0.883,0.724,1.1735,0.5415,0.431,0.393,0.402,0.2605,0.214,1.7255,1.959,1.262,0.2005,0.253,1.3445,0.797,0.5175,0.515,1.053,0.722,1.514,1.056,1.2445,2.55,1.981,1.9565,1.065,0.97,0.9395,1.368,1.218,1.1595,1.0225,0.927,0.772,1.3035,0.922,0.922,0.825,0.369,0.181,0.6155,0.8025,0.46,0.501,0.836,0.9025,1.4455,0.9425,1.1235,1.2415,1.011,1.07,0.8975,0.8945,0.1205,0.895,0.2925,0.6355,1.187,1.219,1.525,1.259,1.844,1.642,1.484,0.6295,0.9565,0.699,0.4775,0.996,1.116,1.0575,0.549,0.234,0.252,0.217,1.5415,0.7605,0.9055,0.971,1.3305,1.3,0.3675,0.2845,0.222,0.6435,0.241,0.5955,1.3415,1.0875,1.283,1.325,1.165,1.274,0.707,1.2,0.9535,0.93,1.275,2.13,1.587,2.499,1.227,1.016,0.887,1.13,1.343,1.1775,0.995,1.1405,0.791,0.663,0.5565,0.8445,0.7385,0.482,0.609,0.593,0.5865,0.6765,0.987,0.7225,0.479,0.911,0.915,0.827,1.1045,0.945,0.8565,1.352,0.625,1.068,1.015,1.036,0.9065,0.7505,0.662,0.3055,0.6885,0.9815,0.9265,1.098,1.891,0.8375,0.2665,1.388,1.4385,0.7395,1.347,1.756,1.32,0.9325,0.849,1.0115,0.92,0.8075,1.073,0.921,1.2635,1.369,0.874,1.105,0.8395,1.055,0.889,0.146,0.1,0.2795,0.0915,0.147,0.0385,0.035,0.0545,0.024,0.0155,0.24,0.1165,0.094,0.2885,0.3615,0.1555,0.08,0.0425,0.179,0.1085,0.4625,0.6995,0.195,0.228,0.1775,0.032,0.155,0.3865,0.17,0.1295,0.0515,0.169,0.1835,0.467,0.2105,0.168,0.258,0.1905,0.173,0.1875,0.3715,0.1145,0.777,0.079,0.1345,0.129,0.4835,0.9175,0.6175,0.573,0.74,0.5725,0.8345,0.6515,0.909,0.7305,0.9555,0.636,0.283,0.1165,0.2905,0.316,0.417,0.417,0.203,0.2765,0.2465,0.201,0.1915,1.0575,1.092,0.99,0.488,0.297,0.77,0.8295,0.879,0.823,0.656,0.8665,0.6565,0.669,0.862,0.3795,0.835,0.8425,0.6595,0.8055,1.5165,0.547,1.4805,1.5275,1.1375,1.116,1.0615,1.2565,1.613,0.978,0.197,0.2685,0.462,0.7605,0.732,0.6775,0.6385,0.5755,0.93,0.6415,0.8815,1.042,0.709,0.51,0.9215,1.0345,0.695,0.7155,0.394,0.745,0.495,0.349,0.4405,0.6615,0.3185,0.875,0.325,0.5805,0.609,0.5975,0.8275,0.7635,0.891,1.0145,0.9685,1.0595,0.952,0.7535,1.077,1.102,1.3445,1.29,1.1035,1.296,1.34,1.307,1.26,1.3555,1.4715,1.4095,2.0805,1.3905,1.558,2.8255,0.612,0.537,0.6765,0.64,0.439,0.6015,0.649,0.6335,0.61,0.6595,0.6425,0.6725,0.642,0.769,0.7035,0.796,0.7125,0.7325,0.6515,0.7165,0.874,1.195,1.1935,1.0635,0.9035,1.114,1.012,1.1335,1.136,1.206,1.213,1.044,1.161,1.2315,1.1625,1.168,1.3325,1.278,1.1785,1.375,1.4065,1.4025,1.636,1.561,1.3385,1.304,1.6785,1.622,1.5905,1.6275,1.6085,1.607,1.7005,1.872,2.198,1.9525,2.302,0.397,0.544,0.5225,0.5215,0.7765,0.7555,0.7835,0.793,0.82,0.8315,0.8995,0.8965,0.852,0.9595,0.99,1.0375,0.8455,0.907,1.0225,0.847,1.114,1.859,0.814,0.9615,1.0025,0.9335,0.9555,0.9955,1.1915,1.0165,1.1175,1.1835,1.0145,1.3305,1.052,1.0565,1.0195,0.858,1.2065,1.1325,1.2645,1.369,1.39,1.202,1.31,1.363,1.519,1.583,1.74,1.751,2.273,2.0045,1.6755,1.187,1.978,2.124,1.931,2.0065,0.553,0.6765,0.842,0.717,0.8745,0.8705,0.796,0.744,0.873,0.8965,0.892,1.4395,0.7955,0.9145,1.171,1.1135,1.409,1.065,0.7995,1.187,0.8855,1.1315,1.014,0.9595,0.9755,0.871,1.244,1.0265,1.137,1,1.128,1.054,1.129,1.118,1.2815,1.2555,1.082,1.062,1.093,1.101,1.1935,0.986,1.521,1.3135,1.1835,1.401,1.5075,1.5365,1.542,1.6445,1.3585,1.7375,1.7925,2.21,2.141,2.173,0.3895,0.4565,0.4475,0.649,0.6435,0.526,0.5525,0.9365,0.559,0.7205,0.7575,0.793,0.9875,1.08,0.9155,0.906,0.8725,0.945,1.259,1.049,1.0725,1.4105,1.136,1.1005,1.1315,1.271,1.308,1.539,1.466,1.175,1.7835,1.374,1.7025,1.5265,1.519,1.6115,1.7825,1.858,1.675,2.1055,2.21,1.8725,1.893,0.4285,0.464,0.845,0.707,0.972,0.7625,0.849,0.802,0.831,0.795,0.867,0.985,0.839,0.9615,1.0335,0.798,1.207,0.838,0.959,0.9165,1.059,1.194,0.884,0.983,1.022,1.1185,1.0175,1.224,1.221,1.266,1.1165,1.0845,1.0985,1.0915,1.1745,1.233,1.2695,1.4345,1.247,1.707,1.1605,1.286,1.5595,1.4745,1.226,1.33,1.3375,1.2215,1.274,1.488,1.3835,1.274,1.3195,1.5505,1.6375,1.443,1.289,1.3725,1.2975,1.2585,1.3+ 9,1.2835,1.4535,1.3735,1.8565,2.009,2.015,1.8275,2.125,1.747,2.2205,2.5155,2.7795,0.564,0.414,0.5795,0.968,1.0615,0.9225,1.007,0.9605,0.65,0.7545,1.3405,1.02,1.025,0.953,1.3005,1.038,1.2525,1.15,1.0865,1.254,1.169,1.172,1.3815,1.6125,1.7395,1.4245,1.726,1.5865,2.069,0.5785,0.7495,0.599,0.7075,0.837,0.667,0.9355,0.895,1.0005,0.832,0.9415,0.88,0.785,0.9765,0.992,1.013,0.876,0.857,1.0465,0.8295,0.886,1.1805,0.99,1.1155,1.031,1.0285,1.0875,1.219,1.035,1.195,1.5145,1.309,1.0295,1.0485,1.331,1.1565,1.2525,1.195,1.273,1.229,1.1895,1.1285,1.32,1.1445,1.218,1.2695,1.429,1.312,1.623,1.534,1.3845,1.6915,1.5715,1.4405,1.6245,2.081,2.173,0.4955,0.522,0.653,0.5915,0.4825,0.6335,0.6875,0.8395,0.9255,1.063,1.115,0.982,1.112,1.5655,0.4655,0.4935,0.4595,0.4955,0.617,0.7815,0.6435,0.5115,0.738,0.8705,0.8685,0.919,1.2435,1.2095,1.238,1.7725,1.914,2.032,0.7455,0.3355,0.651,0.361,0.4775,0.66,0.276,1.04,1.041,2.1835,1.2105,0.7185,0.3295,0.335,0.4265,1.1505,0.8915,0.97,0.18,0.4585,0.7145,1.496,0.4665,0.401,0.5205,0.4935,0.3245,0.106,0.4415,0.879,1.2275,1.2715,1.806,0.8085,1.8465,0.3245,0.1545,0.1185,0.799,0.925,0.9195,0.9295,0.8085,0.4475,0.6335,0.547,0.927,1.4935,0.9245,1.36,0.43,0.4215,1.6305,1.142,1.539,0.853,1.035,0.857,0.2225,0.7575,1.0965,1.229,1.171,0.388,0.5265,0.5105,0.2225,1.5455,1.2675,1.793,0.6185,0.5825,0.7485,0.406,0.869,0.955,0.8615,1.598,2.033,1.259,0.7175,0.7575,0.487,0.563,0.702,0.578,0.5735,1.008,0.515,0.5795,0.2965,0.991,0.805,0.8915,0.769,0.5545,0.7365,0.3045,0.592,0.906,1.5515,1.103,0.86,1.62,1.407,1.247,0.764,0.8645,0.9455,1.3185,1.081,0.9025,1.1415,1.027,0.7895,1.0295,1.885,1.2425,0.023,0.2065,0.0305,0.024,0.4495,0.241,0.197,0.1295,0.15,0.287,0.3525,0.12,0.2145,0.096,0.0945,0.213,0.8175,0.5255,0.879,0.4625,0.528,0.5835,0.198,0.282,0.5905,0.413,0.8505,0.709,0.3755,0.8185,0.8245,1.1825,1.122,1.6115,1.3,1.489,1.008,0.271,0.8565,0.6105,0.7615,0.592,0.39,0.2935,0.567,0.8415,0.7775,0.989,0.5,0.6315,0.7715,0.872,0.8115,0.8795,1.145,1.09,1.262,1.185,1.201,1.362,1.647,1.791,0.486,0.5135,0.6215,0.646,0.7945,0.812,0.681,0.7345,0.948,1.046,1.247,1.1495,1.2,1.3555,1.286,1.251,1.5105,1.6385,1.71,1.742,2.398,2.1945,0.554,0.5765,0.723,0.778,0.7865,0.784,1.02,0.852,0.861,1.004,1.108,0.852,1.9875,1.198,1.103,1.1,1.1015,1.3835,1.085,1.3165,1.3415,1.027,1.1845,1.192,1.1805,1.2655,1.407,1.4465,1.269,1.68,1.4775,1.529,1.7585,1.523,1.51,1.88,2.201,0.4305,0.5895,0.7355,0.7845,1.2255,0.885,0.9235,0.977,1.0305,1.05,1.1145,0.877,1.285,1.3065,1.096,1.205,1.221,1.1355,1.3135,1.1955,1.098,1.139,1.042,1.368,1.446,1.74,1.601,2.165,2.3305,0.5945,0.872,0.818,0.8745,0.984,1.1735,1.0785,1.057,1.11,1.142,1.1255,1.3405,1.082,1.2005,1.243,1.6385,1.691,2.2355,2.3235,0.521,0.9505,0.8315,0.9655,0.9065,1.049,0.9525,1.142,1.2015,1.1295,1.34,1.0475,1.167,1.0625,0.9335,1.3585,1.2075,1.217,0.8765,1.2795,1.1885,1.292,1.1795,1.2075,1.297,1.4585,1.539,1.676,1.4005,1.4405,1.482,1.2345,1.533,1.8445,1.825,2.0885,2.087,1.884,1.029,0.981,1.2705,1.406,0.873,0.9415,1.0835,1.024,1.281,1.006,1.307,1.463,1.7885,1.6135,2.2305,0.6835,0.6855,0.894,0.95,0.9785,0.737,1.1275,0.9765,0.853,0.991,0.9125,0.8665,0.9615,1.145,1.1955,1.31,1.154,1.5595,1.3165,1.403,1.3575,1.3645,1.545,1.724,0.458,0.491,0.474,0.5805,0.622,0.706,0.9385,0.9465,0.9115,0.942,1.193,1.461,1.489,0.7775,0.751,0.8755,0.9215,1.206,1.2865,1.1735,1.532,0.547,0.5165,0.764,0.488,0.6905,0.97,0.8465,1.047,0.4085,0.56,0.635,0.875,0.806,1.194,1.153,1.114,0.9125,0.792,0.2265,0.3955,0.2505,0.551,1.307,0.9185,2.2695,0.9235,1.3315,1.032,0.478,0.1975,1.0055,1.4985,0.388,1.402,0.6025,0.2775,0.973,0.753,1.3765,0.96,0.3745,0.696,1.383,1.156,1.477,0.858,1.4995,1.467,0.906,1.06,0.161,0.6175,0.655,0.484,1.4435,0.9085,0.528,0.3595,0.7735,0.4365,0.415,0.4775,0.6445,1.6195,0.81,0.868,0.7085,0.72,0.738,1.156,0.7485,1.229,1.145,0.099,0.314,0.195,0.451,0.084,0.0245,0.163,0.34,0.3005,0.106,0.306,0.301,0.171,0.0905,0.44,0.163,0.9715,0.1635,0.9955,0.6605,0.721,0.955,0.873,1.65,1.1285,1.1115,0.9745,1.4605,1.0105,1.0765,1.616,0.2205,0.879,0.6815,0.5795,0.224,0.674,0.9,1.0165,1.1685,1.089,1.0325,1.3715,1.9045,2.4925,0.643,0.6435,0.8115,0.9155,1.1385,+ 1.403,1.1325,1.437,1.3635,1.4545,1.478,1.787,0.7465,0.985,0.85,0.838,0.7615,0.87,0.929,0.939,1.164,1.214,1.0815,1.179,1.469,1.492,1.6615,1.348,1.7405,0.4385,0.5585,0.78,1.186,0.886,1.041,0.928,1.157,1.1415,1.1835,1.2135,1.3695,1.3745,1.463,1.46,1.6465,1.265,1.56,1.6,2.333,0.678,0.8035,0.8675,1.14,1.0735,1.4335,1.304,0.9505,1.385,1.27,1.583,1.5955,1.89,0.769,0.7315,0.737,0.9895,1.012,1.1245,1.0805,1.242,1.3915,1.085,1.0855,1.273,1.4865,1.3655,1.276,1.2075,1.4275,1.155,1.3685,1.261,1.217,1.527,1.885,1.432,1.4385,2.14,2.548,0.6485,0.976,0.775,0.681,0.6145,1.1215,1.167,1.0375,1.223,1.124,0.7905,0.702,0.675,0.86,0.8875,1.0535,0.8275,0.9565,1.1785,1.2205,0.9685,1.2555,1.177,1.2425,1.09,1.4755,1.5545,1.8995,2.381,0.359,0.623,0.8625,0.5315,0.562,0.836,0.9275,0.8815,1.03,1.127,1.1665,1.7825,1.543,0.6335,0.8105,0.22,0.3555,0.79,0.62,0.955,0.91,0.416,0.515,0.3435,0.8255,0.785,0.4405,1.373,0.655,0.782,0.744,0.1385,0.8615,0.478,0.817,1.221,0.7365,0.6295,1.829,0.476,1.064,0.853,0.219,0.0635,0.4745,0.125,0.2225,0.266,0.77,0.739,0.8695,0.6555,1.0985,0.991,0.8005,0.6175,0.556,1.777,2.173,0.4015,0.599,0.6245,0.9795,1.262,1.21,1.3855,1.5945,1.4545,2.003,2.2385,0.5815,0.98,1.133,1.146,1.142,1.12,1.131,1.065,1.181,1.4385,1.2275,1.4415,1.7475,0.6925,0.998,0.6655,1.003,1.025,1.2935,1.0565,1.7855,1.403,0.6125,0.911,1.1955,0.7805,0.8265,0.7275,0.9355,1.0145,1.218,0.874,1.0105,1.0765,1.337,1.3705,1.2435,1.4135,1.2915,1.4915,1.672,1.9125,0.5305,1.2825,1.2415,1.3455,0.197,0.7385,0.9205,0.824,0.997,1.105,1.229,1.402,1.669,1.7405,1.51,1.6645,2.0505,0.4895,0.5135,0.3175,0.577,0.791,0.8395,0.8675,0.966,1.176,1.9485),
+   x_shucked = c(0.2245,0.0995,0.2155,0.2165,0.1675,0.2175,0.258,0.097,0.1705,0.0955,0.356,0.394,0.393,0.3935,0.5515,0.227,0.134,0.293,0.1335,0.2595,0.173,0.192,0.2765,0.18,0.305,0.1705,0.234,0.234,0.264,0.474,0.3625,0.5105,0.408,0.38,0.4825,0.3305,0.341,0.307,0.4015,0.588,0.5755,0.269,0.214,0.201,0.328,0.316,0.3105,0.4975,0.2375,0.172,0.13,0.1305,0.1145,0.09,0.63,0.7665,0.4835,0.094,0.096,0.519,0.34,0.2075,0.224,0.4415,0.32,0.546,0.4215,0.544,1.0705,0.8175,0.7125,0.486,0.385,0.399,0.515,0.5455,0.4845,0.419,0.276,0.346,0.4445,0.432,0.3635,0.254,0.171,0.0755,0.241,0.244,0.174,0.1665,0.336,0.31,0.496,0.3495,0.4205,0.485,0.3835,0.3805,0.341,0.319,0.0465,0.3615,0.1225,0.2185,0.412,0.3875,0.56,0.4105,0.7425,0.532,0.55,0.2285,0.325,0.288,0.132,0.3835,0.428,0.384,0.2215,0.0905,0.1065,0.0885,0.471,0.2505,0.3925,0.443,0.4595,0.4335,0.1465,0.1065,0.0935,0.27,0.0865,0.2135,0.5705,0.403,0.473,0.6045,0.581,0.579,0.2795,0.56,0.4465,0.408,0.509,0.7415,0.6935,0.9265,0.48,0.4215,0.4405,0.458,0.4635,0.4935,0.3895,0.3755,0.33,0.313,0.226,0.373,0.3515,0.207,0.239,0.277,0.2385,0.256,0.4355,0.295,0.2125,0.39,0.4,0.3395,0.4565,0.41,0.3475,0.488,0.223,0.425,0.3995,0.4375,0.342,0.2475,0.2815,0.143,0.249,0.329,0.354,0.4765,0.6975,0.3485,0.115,0.567,0.545,0.261,0.4955,0.637,0.5305,0.3605,0.3785,0.4235,0.378,0.3485,0.475,0.357,0.486,0.5875,0.3275,0.4865,0.3325,0.3815,0.36,0.061,0.0385,0.1115,0.033,0.06,0.0155,0.0145,0.0265,0.0095,0.0065,0.0885,0.043,0.0335,0.1,0.1565,0.0585,0.0315,0.017,0.0705,0.041,0.164,0.2575,0.078,0.0675,0.0575,0.01,0.0475,0.128,0.0655,0.0455,0.018,0.06,0.077,0.1895,0.066,0.05,0.1055,0.081,0.0795,0.0735,0.1605,0.045,0.216,0.034,0.054,0.05,0.1815,0.2775,0.235,0.225,0.2635,0.204,0.3175,0.2455,0.344,0.279,0.366,0.2535,0.1175,0.0545,0.1215,0.1205,0.191,0.1535,0.0615,0.0895,0.104,0.069,0.08,0.3925,0.416,0.3865,0.191,0.108,0.2735,0.2405,0.374,0.298,0.227,0.2825,0.262,0.2385,0.2855,0.143,0.32,0.275,0.2485,0.301,0.578,0.215,0.5295,0.69,0.367,0.4775,0.348,0.435,0.6215,0.3365,0.0665,0.0975,0.1675,0.245,0.189,0.236,0.2305,0.2015,0.3505,0.246,0.292,0.3295,0.211,0.1915,0.3275,0.315,0.215,0.2805,0.157,0.255,0.1655,0.119,0.152,0.2875,0.1235,0.2665,0.156,0.266,0.3065,0.27,0.3415,0.3375,0.4815,0.407,0.4985,0.4735,0.3895,0.349,0.4545,0.455,0.549,0.606,0.421,0.545,0.5315,0.6355,0.4525,0.619,0.675,0.586,0.959,0.5905,0.755,1.1465,0.327,0.222,0.3205,0.2925,0.194,0.312,0.32,0.3035,0.272,0.3145,0.3195,0.336,0.289,0.3935,0.347,0.3865,0.3695,0.334,0.2715,0.2855,0.3735,0.5625,0.513,0.5265,0.4075,0.4955,0.4985,0.586,0.5245,0.479,0.621,0.518,0.572,0.6025,0.565,0.554,0.5705,0.637,0.5185,0.623,0.684,0.705,0.779,0.709,0.633,0.57,0.6665,0.6645,0.6425,0.594,0.682,0.7245,0.8255,0.893,1.012,0.7645,1.007,0.1985,0.27,0.235,0.2485,0.3525,0.3755,0.4225,0.434,0.4615,0.411,0.464,0.42,0.43,0.4565,0.5795,0.5415,0.401,0.4245,0.549,0.415,0.4765,0.945,0.3775,0.486,0.547,0.478,0.4595,0.481,0.696,0.512,0.555,0.582,0.5315,0.783,0.498,0.4815,0.5315,0.4285,0.587,0.589,0.5635,0.632,0.6465,0.565,0.553,0.629,0.699,0.7355,0.885,0.895,1.095,1.0465,0.889,0.691,1.026,0.952,0.896,0.8295,0.224,0.302,0.428,0.3475,0.413,0.407,0.3635,0.352,0.382,0.383,0.4415,0.6715,0.405,0.4555,0.522,0.5825,0.8,0.5315,0.336,0.5985,0.388,0.508,0.451,0.4455,0.419,0.407,0.6345,0.435,0.4565,0.494,0.4465,0.4845,0.4795,0.446,0.5715,0.5765,0.4955,0.5065,0.497,0.534,0.5205,0.405,0.644,0.4865,0.556,0.6165,0.7455,0.6865,0.7155,0.7305,0.6395,0.876,0.8145,1.1075,1.0465,0.9515,0.2015,0.2435,0.2165,0.347,0.2945,0.2485,0.239,0.497,0.254,0.3685,0.398,0.343,0.504,0.595,0.4005,0.4095,0.387,0.4365,0.6405,0.462,0.4815,0.691,0.451,0.52,0.481,0.6605,0.544,0.6405,0.677,0.475,0.8885,0.589,0.833,0.651,0.616,0.8415,0.9165,0.73,0.797,1.017,1.351,0.9115,0.942,0.1965,0.221,0.3525,0.282,0.419,0.327,0.3265,0.3595,0.4245,0.3385,0.3765,0.3745,0.4005,0.483,0.469,0.365,0.559,0.3965,0.463,0.4135,0.504,0.5625,0.3835,0.4565,0.449,0.5225,0.473,0.6035,0.535,0.6285,0.4895,0.5005,0.4645,0.4615,0.5255,0.6565,0.605,0.611,0.5475,0.763,0.519,0.5645,0.741,0.605,0.5885,0.6665,0.554,0.5695,0.59,0.665,0.6385,0.586,0.667,0.6505,0.7685,0.6635,0.6145,0.606,0.+ 6075,0.6255,0.711,0.572,0.592,0.7185,0.8445,0.9895,0.9215,0.919,1.1455,0.7275,1.083,1.1155,1.3485,0.3035,0.199,0.295,0.419,0.494,0.4185,0.472,0.438,0.303,0.3495,0.6325,0.4805,0.5075,0.3945,0.6195,0.4975,0.5575,0.575,0.511,0.5815,0.5275,0.445,0.672,0.777,0.5715,0.6325,0.7625,0.691,0.9285,0.253,0.341,0.2345,0.332,0.382,0.302,0.421,0.415,0.454,0.3585,0.3805,0.4275,0.318,0.495,0.432,0.4685,0.3795,0.3665,0.518,0.3365,0.4315,0.456,0.386,0.479,0.4375,0.4435,0.4975,0.564,0.44,0.4605,0.579,0.587,0.425,0.487,0.5725,0.52,0.63,0.5435,0.6535,0.5055,0.4765,0.477,0.6525,0.53,0.5055,0.5115,0.6715,0.556,0.7165,0.671,0.6615,0.6655,0.6645,0.6565,0.675,1.0815,0.801,0.2575,0.2395,0.3315,0.288,0.21,0.288,0.3435,0.356,0.4345,0.513,0.5165,0.4295,0.465,0.7345,0.2075,0.2435,0.235,0.2665,0.25,0.361,0.3135,0.246,0.355,0.4455,0.418,0.4335,0.5575,0.603,0.6165,0.813,0.9155,0.735,0.2995,0.1545,0.273,0.134,0.1885,0.2655,0.1175,0.434,0.416,0.7535,0.5185,0.3265,0.1365,0.147,0.1685,0.4375,0.359,0.462,0.08,0.2,0.3055,0.5825,0.2025,0.1575,0.2015,0.186,0.1305,0.0465,0.1805,0.368,0.473,0.4915,0.643,0.3025,0.732,0.1395,0.066,0.055,0.3245,0.342,0.3355,0.317,0.2345,0.193,0.2,0.222,0.3215,0.5265,0.3445,0.5305,0.175,0.175,0.4865,0.387,0.5635,0.3285,0.401,0.356,0.0805,0.2735,0.419,0.4125,0.3905,0.068,0.2105,0.192,0.083,0.654,0.4995,0.8005,0.216,0.2505,0.264,0.166,0.3155,0.3625,0.3725,0.6535,0.751,0.487,0.3725,0.3305,0.226,0.2525,0.3335,0.2825,0.2505,0.422,0.2,0.2145,0.1365,0.4035,0.293,0.3415,0.2505,0.213,0.3275,0.0925,0.2465,0.327,0.566,0.425,0.4015,0.6275,0.566,0.472,0.3035,0.376,0.3815,0.548,0.4825,0.3805,0.4515,0.391,0.343,0.4635,0.8665,0.487,0.0085,0.0725,0.011,0.009,0.165,0.11,0.085,0.0535,0.0525,0.1135,0.1135,0.0415,0.1,0.044,0.0445,0.081,0.2515,0.2025,0.339,0.186,0.2125,0.2295,0.0725,0.0975,0.2025,0.144,0.312,0.275,0.142,0.3025,0.272,0.474,0.393,0.6745,0.517,0.5915,0.377,0.11,0.2745,0.1955,0.246,0.242,0.163,0.096,0.174,0.2715,0.2015,0.2815,0.21,0.3445,0.37,0.4625,0.392,0.387,0.48,0.5,0.5685,0.482,0.5395,0.5785,0.7225,0.733,0.231,0.243,0.274,0.285,0.394,0.4035,0.3095,0.33,0.429,0.4695,0.5335,0.564,0.5085,0.671,0.604,0.5355,0.6735,0.8115,0.7725,0.696,1.128,1.0515,0.2935,0.273,0.377,0.3745,0.403,0.3495,0.546,0.41,0.413,0.496,0.4915,0.4215,1.005,0.707,0.4635,0.505,0.4965,0.7105,0.4645,0.6325,0.6575,0.537,0.506,0.6055,0.5235,0.615,0.7215,0.694,0.576,0.926,0.724,0.7635,0.8745,0.693,0.8735,0.9095,1.0615,0.2235,0.2535,0.3065,0.3285,0.5405,0.4025,0.4545,0.4625,0.4925,0.457,0.5055,0.4325,0.6095,0.6895,0.5445,0.5175,0.555,0.539,0.4935,0.5565,0.5195,0.5395,0.515,0.6185,0.6485,0.7885,0.706,1.1055,1.253,0.309,0.4515,0.402,0.416,0.49,0.6245,0.4535,0.4255,0.5105,0.539,0.59,0.656,0.5785,0.575,0.623,0.831,0.768,1.1705,1.1495,0.25,0.456,0.352,0.498,0.371,0.5205,0.4315,0.485,0.492,0.57,0.617,0.465,0.457,0.516,0.382,0.5935,0.531,0.667,0.456,0.618,0.4915,0.6,0.4785,0.5385,0.59,0.625,0.6115,0.693,0.715,0.6595,0.739,0.618,0.667,0.9815,0.938,0.9955,0.909,0.954,0.4235,0.465,0.548,0.6115,0.4625,0.509,0.5305,0.409,0.597,0.456,0.678,0.592,0.8345,0.75,1.2395,0.3125,0.293,0.3885,0.4005,0.4505,0.325,0.4925,0.4525,0.326,0.382,0.4095,0.3695,0.422,0.4915,0.492,0.495,0.4405,0.695,0.6345,0.6955,0.5325,0.557,0.686,0.566,0.2,0.207,0.197,0.244,0.2655,0.3355,0.3685,0.4355,0.446,0.43,0.5145,0.5985,0.6065,0.436,0.3295,0.44,0.354,0.581,0.435,0.526,0.74,0.2165,0.1885,0.312,0.188,0.259,0.2885,0.336,0.4315,0.1755,0.2375,0.29,0.279,0.3415,0.4445,0.503,0.3925,0.3595,0.316,0.0995,0.147,0.106,0.2245,0.4335,0.404,0.8835,0.412,0.5665,0.354,0.1865,0.0795,0.3785,0.4125,0.149,0.483,0.216,0.109,0.2985,0.258,0.44,0.387,0.158,0.2405,0.596,0.428,0.6375,0.377,0.6265,0.5825,0.342,0.402,0.0725,0.3,0.3185,0.2155,0.6145,0.398,0.2,0.1415,0.297,0.169,0.215,0.2,0.26,0.533,0.317,0.348,0.305,0.275,0.2845,0.5525,0.3345,0.524,0.4325,0.037,0.138,0.0745,0.171,0.034,0.0095,0.0615,0.1315,0.1215,0.0415,0.121,0.124,0.0655,0.035,0.169,0.0615,0.3225,0.0615,0.3245,0.2605,0.3055,0.341,0.3035,0.734,0.377,0.5035,0.353,0.5835,0.368,0.412,0.5495,0.0855,0.28,0.2145,0.1685,0.0815,0.3325,0.472,0.491,0.539,0.5195,0.497,0.567,0.882,1.1455,0.349,0+ .2885,0.4035,0.3645,0.502,0.6715,0.5235,0.5855,0.583,0.642,0.5815,0.718,0.348,0.4645,0.4165,0.4155,0.3695,0.3945,0.38,0.4475,0.5045,0.5315,0.4715,0.605,0.7115,0.7185,0.8005,0.8985,0.871,0.2075,0.2575,0.3165,0.6355,0.3605,0.54,0.4225,0.522,0.5795,0.517,0.631,0.657,0.75,0.658,0.686,0.749,0.6025,0.647,0.708,1.2395,0.341,0.409,0.3935,0.423,0.4375,0.7315,0.5795,0.4915,0.6355,0.6035,0.7395,0.678,0.95,0.346,0.336,0.349,0.4235,0.441,0.492,0.517,0.5675,0.726,0.454,0.481,0.5065,0.6445,0.6155,0.6215,0.55,0.69,0.4955,0.5975,0.5,0.532,0.809,0.89,0.637,0.655,1.2455,1.1945,0.2735,0.45,0.3445,0.3435,0.3415,0.533,0.4895,0.476,0.565,0.556,0.307,0.2975,0.294,0.3345,0.3345,0.516,0.321,0.4025,0.526,0.4985,0.49,0.527,0.5055,0.5995,0.407,0.6275,0.6645,0.675,0.8155,0.173,0.2855,0.4225,0.2725,0.289,0.406,0.477,0.3605,0.4275,0.535,0.4605,0.5565,0.7525,0.2305,0.345,0.0855,0.146,0.372,0.255,0.44,0.326,0.1625,0.2495,0.1645,0.2425,0.282,0.19,0.443,0.266,0.285,0.2875,0.048,0.2925,0.18,0.2945,0.4605,0.2955,0.263,0.7035,0.2055,0.413,0.292,0.0835,0.0245,0.1865,0.042,0.0875,0.0995,0.263,0.237,0.3075,0.2595,0.3765,0.348,0.2635,0.202,0.296,0.769,1.133,0.199,0.251,0.282,0.444,0.6245,0.53,0.621,0.6705,0.6315,0.8105,0.984,0.2565,0.4315,0.5515,0.597,0.62,0.5775,0.5425,0.4865,0.665,0.6775,0.61,0.7055,0.8215,0.327,0.445,0.285,0.4655,0.46,0.5805,0.4615,0.675,0.5755,0.302,0.375,0.5845,0.3795,0.4405,0.343,0.425,0.516,0.639,0.369,0.423,0.488,0.5995,0.645,0.5175,0.667,0.594,0.728,0.7075,0.8825,0.2405,0.569,0.6575,0.586,0.073,0.321,0.404,0.3465,0.4055,0.492,0.535,0.624,0.7465,0.6205,0.664,0.727,0.8005,0.2185,0.241,0.137,0.269,0.375,0.3155,0.4,0.439,0.5255,0.9455),
+   x_viscera = c(0.101,0.0485,0.114,0.1125,0.081,0.095,0.133,0.043,0.075,0.062,0.234,0.219,0.227,0.242,0.3575,0.124,0.086,0.227,0.06,0.096,0.0915,0.0955,0.12,0.1125,0.16,0.08,0.1315,0.1015,0.168,0.261,0.189,0.192,0.234,0.216,0.205,0.2075,0.1675,0.1525,0.254,0.3425,0.388,0.1385,0.132,0.133,0.1915,0.164,0.1675,0.2405,0.1345,0.107,0.063,0.0955,0.0595,0.051,0.2635,0.261,0.283,0.0295,0.0575,0.306,0.19,0.1165,0.108,0.262,0.131,0.2615,0.2475,0.297,0.483,0.3085,0.541,0.233,0.2165,0.2,0.266,0.2965,0.2165,0.2405,0.1815,0.1535,0.2635,0.178,0.213,0.205,0.071,0.0415,0.1355,0.1635,0.111,0.115,0.1625,0.193,0.287,0.2185,0.2805,0.2775,0.2065,0.175,0.1655,0.239,0.028,0.186,0.0635,0.0885,0.2705,0.2505,0.3335,0.197,0.327,0.3345,0.3115,0.127,0.158,0.1595,0.0815,0.226,0.2205,0.19,0.1275,0.0585,0.0595,0.0495,0.369,0.1635,0.2355,0.2045,0.3235,0.2945,0.1015,0.075,0.056,0.1665,0.053,0.161,0.3175,0.2655,0.276,0.325,0.2275,0.3065,0.2185,0.2455,0.2065,0.259,0.286,0.49,0.336,0.472,0.287,0.244,0.1655,0.2765,0.292,0.3365,0.183,0.2805,0.189,0.137,0.122,0.21,0.152,0.1225,0.1435,0.115,0.144,0.139,0.2075,0.1625,0.1045,0.182,0.246,0.2215,0.2425,0.2115,0.1715,0.349,0.16,0.203,0.1735,0.196,0.156,0.13,0.137,0.0645,0.138,0.136,0.1575,0.232,0.4725,0.1735,0.061,0.2735,0.2665,0.1395,0.254,0.3405,0.2635,0.2445,0.1765,0.237,0.2385,0.1795,0.19,0.181,0.2635,0.2185,0.202,0.247,0.157,0.221,0.204,0.0365,0.0195,0.0575,0.0215,0.034,0.0085,0.008,0.0095,0.006,0.003,0.059,0.0255,0.02,0.057,0.0695,0.038,0.018,0.0055,0.0385,0.0265,0.076,0.153,0.0455,0.0675,0.042,0.008,0.0355,0.07,0.047,0.0335,0.0105,0.0425,0.046,0.0945,0.0525,0.041,0.054,0.0485,0.038,0.045,0.0795,0.0265,0.13,0.014,0.024,0.0295,0.144,0.243,0.108,0.124,0.168,0.1415,0.1725,0.1665,0.2325,0.2055,0.2425,0.145,0.0655,0.0285,0.0685,0.0595,0.09,0.1015,0.037,0.057,0.0475,0.053,0.0385,0.228,0.212,0.243,0.125,0.0705,0.159,0.1825,0.1695,0.1805,0.1785,0.176,0.1835,0.172,0.1525,0.074,0.2175,0.1945,0.2035,0.181,0.4105,0.1615,0.272,0.368,0.236,0.2315,0.167,0.202,0.361,0.1905,0.05,0.0825,0.158,0.167,0.17,0.179,0.142,0.1505,0.237,0.152,0.206,0.2325,0.1375,0.1285,0.225,0.26,0.1635,0.1685,0.096,0.157,0.117,0.1055,0.0935,0.2095,0.0905,0.174,0.0505,0.0935,0.096,0.1275,0.1855,0.1425,0.1915,0.2015,0.168,0.24,0.2155,0.1755,0.244,0.2055,0.2875,0.276,0.3015,0.3315,0.2815,0.2545,0.2755,0.305,0.315,0.291,0.3415,0.212,0.298,0.419,0.15,0.1215,0.1065,0.1405,0.099,0.117,0.124,0.1295,0.1435,0.1535,0.129,0.12,0.133,0.1455,0.134,0.1815,0.137,0.1575,0.1605,0.1595,0.229,0.2565,0.21,0.2195,0.1935,0.2745,0.2115,0.2565,0.2615,0.2425,0.2435,0.2205,0.2455,0.262,0.258,0.239,0.271,0.275,0.248,0.2705,0.3,0.2655,0.342,0.3555,0.299,0.312,0.308,0.3225,0.297,0.3595,0.3145,0.3215,0.362,0.4015,0.5225,0.4185,0.509,0.0865,0.1395,0.13,0.117,0.1845,0.1555,0.1815,0.1405,0.127,0.1765,0.1775,0.2175,0.1885,0.2395,0.1825,0.2035,0.191,0.197,0.2175,0.1945,0.2155,0.426,0.1915,0.1815,0.1975,0.1825,0.236,0.232,0.2395,0.2465,0.257,0.2365,0.212,0.2255,0.242,0.272,0.2005,0.1525,0.29,0.211,0.3065,0.3415,0.2945,0.3135,0.369,0.279,0.3685,0.405,0.3715,0.3355,0.418,0.407,0.313,0.1945,0.4255,0.55,0.4585,0.4015,0.1375,0.1415,0.1415,0.1445,0.1905,0.156,0.184,0.13,0.183,0.1835,0.176,0.273,0.167,0.1965,0.2535,0.2345,0.229,0.199,0.1855,0.227,0.188,0.272,0.1885,0.189,0.206,0.1835,0.257,0.2335,0.29,0.197,0.2195,0.228,0.302,0.3195,0.2385,0.254,0.2345,0.1785,0.221,0.1865,0.2695,0.2255,0.372,0.2995,0.2385,0.3515,0.245,0.3585,0.3735,0.3595,0.294,0.3135,0.416,0.4865,0.383,0.564,0.065,0.092,0.126,0.136,0.103,0.105,0.1245,0.181,0.139,0.145,0.151,0.2035,0.207,0.2065,0.2465,0.23,0.215,0.2085,0.1985,0.231,0.235,0.322,0.3245,0.26,0.2745,0.2425,0.318,0.3585,0.3045,0.2435,0.4095,0.351,0.374,0.4475,0.388,0.306,0.3325,0.3665,0.4095,0.363,0.413,0.427,0.397,0.099,0.106,0.1635,0.1605,0.255,0.1685,0.221,0.1825,0.1735,0.148,0.1805,0.2175,0.198,0.166,0.2225,0.173,0.235,0.194,0.2065,0.1965,0.241,0.3045,0.1905,0.228,0.2345,0.2405,0.2395,0.261,0.241,0.2575,0.2615,0.2355,0.22,0.266,0.273,0.2315,0.271,0.309,0.2925,0.4205,0.2615,0.288,0.3715,0.345,0.2215,0.309,0.308,0.2735,0.23,0.337,0.2905,0.281,0.269,0.3295,0.3545,0.+ 3845,0.253,0.32,0.314,0.311,0.2865,0.2755,0.391,0.293,0.3935,0.4475,0.454,0.366,0.4425,0.403,0.421,0.6415,0.76,0.0955,0.09,0.1395,0.2455,0.223,0.198,0.2495,0.2225,0.155,0.1715,0.311,0.2145,0.2245,0.2685,0.284,0.2205,0.3055,0.232,0.2715,0.286,0.2535,0.3115,0.326,0.3685,0.2785,0.333,0.436,0.375,0.409,0.16,0.1645,0.1465,0.1585,0.171,0.1545,0.183,0.195,0.205,0.174,0.2285,0.1955,0.193,0.2145,0.2225,0.2085,0.1615,0.173,0.2185,0.2005,0.201,0.337,0.2195,0.2565,0.2615,0.2825,0.283,0.227,0.2525,0.302,0.346,0.4405,0.2315,0.212,0.3005,0.2405,0.246,0.246,0.213,0.2975,0.3,0.269,0.2375,0.223,0.303,0.2675,0.29,0.2845,0.354,0.379,0.2145,0.402,0.3835,0.2985,0.347,0.4305,0.4915,0.082,0.1525,0.1385,0.1315,0.1035,0.145,0.1495,0.1905,0.212,0.2705,0.273,0.2085,0.228,0.353,0.1045,0.1175,0.0885,0.085,0.1345,0.1575,0.149,0.1005,0.1895,0.2115,0.1475,0.1765,0.2675,0.2225,0.2355,0.387,0.448,0.4755,0.1355,0.0685,0.132,0.0825,0.0885,0.1365,0.0565,0.265,0.2105,0.391,0.2555,0.1975,0.0725,0.094,0.0755,0.2265,0.2105,0.185,0.0385,0.0885,0.166,0.337,0.1015,0.083,0.1625,0.0845,0.0735,0.018,0.1035,0.2095,0.1965,0.185,0.3285,0.1795,0.472,0.0565,0.0345,0.0285,0.2,0.197,0.1985,0.1735,0.1155,0.1035,0.1225,0.1325,0.1985,0.2785,0.2185,0.2375,0.096,0.093,0.297,0.258,0.2815,0.189,0.1865,0.174,0.051,0.1635,0.229,0.2735,0.2355,0.09,0.1185,0.1045,0.053,0.3765,0.2815,0.339,0.1385,0.1565,0.134,0.0935,0.1825,0.176,0.2175,0.2835,0.4255,0.2215,0.158,0.216,0.0965,0.1205,0.1465,0.12,0.119,0.2245,0.1275,0.164,0.063,0.1505,0.1625,0.177,0.154,0.0925,0.1315,0.055,0.1645,0.1485,0.3835,0.2025,0.1695,0.358,0.304,0.2455,0.189,0.1945,0.184,0.233,0.242,0.2105,0.204,0.212,0.159,0.1905,0.435,0.296,0.0055,0.043,0.0075,0.005,0.1125,0.045,0.041,0.026,0.034,0.037,0.0565,0.033,0.0465,0.027,0.02,0.034,0.156,0.135,0.208,0.107,0.149,0.1265,0.056,0.065,0.158,0.1015,0.146,0.168,0.1065,0.2155,0.226,0.2895,0.2,0.384,0.3285,0.312,0.193,0.06,0.201,0.107,0.195,0.096,0.087,0.0675,0.1245,0.1775,0.18,0.213,0.113,0.1015,0.16,0.1725,0.1455,0.15,0.277,0.2215,0.2725,0.2015,0.275,0.3125,0.331,0.318,0.1035,0.1015,0.166,0.1365,0.189,0.1705,0.1415,0.1595,0.206,0.263,0.2735,0.274,0.32,0.268,0.271,0.3345,0.3755,0.369,0.3855,0.389,0.512,0.482,0.1005,0.135,0.149,0.1545,0.185,0.1885,0.204,0.1725,0.164,0.2165,0.2325,0.2255,0.419,0.2095,0.3095,0.2475,0.243,0.3005,0.2445,0.2465,0.262,0.188,0.311,0.2595,0.283,0.2775,0.298,0.298,0.2985,0.2975,0.279,0.3115,0.3615,0.306,0.4265,0.387,0.5235,0.0785,0.128,0.137,0.169,0.2705,0.1625,0.173,0.2025,0.217,0.2685,0.2635,0.155,0.2745,0.2915,0.2165,0.3105,0.252,0.2325,0.2565,0.211,0.222,0.282,0.1755,0.288,0.2705,0.373,0.321,0.525,0.541,0.1085,0.1615,0.1715,0.165,0.201,0.233,0.2435,0.224,0.256,0.225,0.247,0.283,0.2045,0.273,0.275,0.3575,0.363,0.463,0.5115,0.096,0.199,0.187,0.19,0.1965,0.1935,0.1945,0.265,0.3865,0.2555,0.3255,0.2345,0.29,0.225,0.247,0.3365,0.281,0.2065,0.18,0.256,0.3065,0.269,0.2775,0.282,0.3125,0.266,0.408,0.44,0.3025,0.2675,0.2925,0.2625,0.4055,0.4655,0.3805,0.478,0.474,0.336,0.2285,0.2015,0.3265,0.342,0.1845,0.2015,0.231,0.261,0.3035,0.2245,0.292,0.3905,0.408,0.4035,0.422,0.1655,0.163,0.2095,0.2235,0.196,0.1405,0.262,0.2395,0.2615,0.2395,0.1825,0.1955,0.176,0.208,0.247,0.295,0.2315,0.3515,0.2605,0.2385,0.3045,0.3405,0.3775,0.4575,0.111,0.115,0.1065,0.1335,0.147,0.1635,0.1245,0.2605,0.2075,0.182,0.315,0.2425,0.3795,0.1715,0.1835,0.1965,0.209,0.216,0.293,0.285,0.357,0.1105,0.1145,0.1505,0.0845,0.151,0.139,0.2405,0.276,0.092,0.1065,0.1555,0.18,0.203,0.238,0.2505,0.291,0.271,0.1455,0.0575,0.0765,0.0535,0.0715,0.262,0.1785,0.3985,0.2135,0.347,0.2045,0.115,0.0375,0.244,0.3075,0.087,0.3205,0.138,0.0515,0.2135,0.171,0.3075,0.2385,0.081,0.1625,0.2565,0.289,0.3025,0.1585,0.4005,0.303,0.219,0.28,0.039,0.142,0.15,0.102,0.3035,0.197,0.1395,0.0885,0.123,0.1075,0.082,0.0785,0.1575,0.353,0.157,0.217,0.1455,0.164,0.17,0.243,0.1315,0.278,0.27,0.024,0.057,0.041,0.0705,0.0105,0.0045,0.037,0.085,0.0575,0.023,0.0735,0.069,0.0365,0.02,0.1065,0.034,0.194,0.0345,0.2665,0.161,0.1725,0.2535,0.196,0.4505,0.3525,0.2785,0.174,0.3155,0.222,0.253,0.332,0.0515,0.2165,0.1405,0.125,0.0575,0.1235,0.182,0+ .221,0.279,0.223,0.2175,0.307,0.44,0.575,0.1155,0.157,0.166,0.195,0.2295,0.2925,0.2505,0.293,0.2985,0.3575,0.381,0.385,0.1515,0.201,0.1685,0.146,0.17,0.2195,0.24,0.196,0.2635,0.2835,0.254,0.258,0.3335,0.36,0.3645,0.4435,0.347,0.0715,0.119,0.169,0.2315,0.211,0.166,0.183,0.2235,0.2145,0.2375,0.2235,0.3055,0.1805,0.3135,0.311,0.422,0.299,0.383,0.3525,0.3645,0.1325,0.144,0.221,0.2575,0.2585,0.305,0.3115,0.2,0.2955,0.262,0.3505,0.331,0.436,0.173,0.156,0.15,0.199,0.2015,0.222,0.2495,0.287,0.2795,0.1965,0.2575,0.2925,0.296,0.2885,0.2305,0.2695,0.306,0.2025,0.296,0.2335,0.2735,0.318,0.41,0.247,0.3255,0.3725,0.5745,0.163,0.2285,0.157,0.142,0.155,0.273,0.2955,0.2325,0.2975,0.2315,0.171,0.1395,0.156,0.1935,0.22,0.2185,0.1975,0.2365,0.2975,0.315,0.182,0.374,0.278,0.248,0.224,0.379,0.278,0.478,0.4695,0.0875,0.1285,0.155,0.097,0.0905,0.1605,0.1605,0.1955,0.207,0.2635,0.2565,0.3235,0.351,0.125,0.187,0.04,0.072,0.205,0.15,0.1685,0.1895,0.097,0.087,0.085,0.202,0.186,0.085,0.3375,0.1725,0.1405,0.204,0.046,0.1545,0.1185,0.153,0.263,0.184,0.1425,0.386,0.1015,0.228,0.179,0.0515,0.0135,0.0935,0.0285,0.043,0.066,0.157,0.161,0.2575,0.18,0.215,0.168,0.1985,0.1445,0.104,0.38,0.4665,0.087,0.1345,0.143,0.205,0.2455,0.2555,0.302,0.3845,0.3105,0.4045,0.411,0.1265,0.2545,0.223,0.246,0.237,0.2095,0.2265,0.259,0.229,0.285,0.274,0.3555,0.383,0.155,0.214,0.149,0.2195,0.1945,0.317,0.258,0.247,0.2515,0.1365,0.2145,0.257,0.1625,0.159,0.1625,0.1645,0.164,0.241,0.2135,0.219,0.249,0.2815,0.303,0.308,0.2945,0.2695,0.343,0.364,0.4385,0.127,0.291,0.2625,0.278,0.0365,0.1485,0.2275,0.1765,0.283,0.226,0.29,0.2935,0.2935,0.297,0.4095,0.36,0.526,0.107,0.1045,0.068,0.1265,0.18,0.1955,0.172,0.2145,0.2875,0.3765),
+   x_shell = c(0.15,0.07,0.155,0.165,0.135,0.19,0.24,0.1,0.115,0.075,0.28,0.295,0.2,0.33,0.35,0.125,0.09,0.14,0.1,0.16,0.11,0.135,0.17,0.135,0.175,0.1,0.185,0.135,0.275,0.38,0.315,0.675,0.58,0.36,0.4,0.26,0.255,0.26,0.39,0.485,0.48,0.25,0.145,0.165,0.255,0.335,0.205,0.345,0.155,0.175,0.165,0.165,0.085,0.07,0.54,0.78,0.41,0.063,0.0925,0.4465,0.2425,0.17,0.1565,0.325,0.21,0.635,0.34,0.345,0.725,0.76,0.59,0.285,0.35,0.295,0.57,0.355,0.325,0.36,0.36,0.245,0.465,0.26,0.285,0.285,0.12,0.06,0.205,0.255,0.135,0.165,0.275,0.325,0.435,0.275,0.36,0.34,0.37,0.41,0.345,0.245,0.04,0.235,0.0905,0.255,0.37,0.385,0.45,0.41,0.585,0.69,0.43,0.225,0.31,0.205,0.19,0.325,0.315,0.375,0.15,0.075,0.074,0.0715,0.535,0.195,0.275,0.265,0.345,0.46,0.12,0.1,0.075,0.205,0.095,0.2,0.355,0.325,0.425,0.33,0.3,0.32,0.18,0.28,0.245,0.22,0.34,0.58,0.395,0.7,0.35,0.355,0.265,0.315,0.4,0.285,0.37,0.385,0.25,0.2,0.195,0.235,0.215,0.145,0.22,0.18,0.185,0.26,0.31,0.235,0.15,0.29,0.285,0.235,0.34,0.28,0.24,0.45,0.235,0.32,0.33,0.325,0.32,0.255,0.22,0.085,0.25,0.39,0.375,0.375,0.58,0.24,0.075,0.41,0.465,0.2645,0.415,0.58,0.455,0.3,0.24,0.305,0.29,0.235,0.285,0.29,0.415,0.37,0.305,0.315,0.305,0.365,0.25,0.045,0.03,0.075,0.03,0.045,0.01,0.01,0.015,0.005,0.005,0.085,0.04,0.0325,0.1135,0.117,0.049,0.027,0.0155,0.06,0.0345,0.15,0.24,0.059,0.081,0.068,0.012,0.06,0.148,0.049,0.044,0.0195,0.054,0.065,0.158,0.075,0.063,0.08,0.055,0.05,0.06,0.105,0.035,0.17,0.025,0.05,0.04,0.16,0.335,0.215,0.17,0.245,0.175,0.29,0.185,0.255,0.195,0.295,0.19,0.085,0.03,0.0875,0.1105,0.1175,0.144,0.0795,0.1005,0.083,0.0695,0.063,0.293,0.4405,0.295,0.155,0.1,0.255,0.275,0.23,0.265,0.22,0.29,0.175,0.205,0.32,0.125,0.245,0.265,0.16,0.28,0.39,0.14,0.525,0.35,0.37,0.27,0.31,0.325,0.47,0.3,0.07,0.085,0.12,0.185,0.31,0.2,0.195,0.19,0.3,0.215,0.255,0.2905,0.262,0.1625,0.256,0.3635,0.234,0.214,0.122,0.2885,0.185,0.115,0.155,0.155,0.095,0.285,0.091,0.169,0.1775,0.166,0.239,0.225,0.202,0.2875,0.2385,0.265,0.2745,0.194,0.3095,0.33,0.36,0.3445,0.325,0.32,0.41,0.315,0.406,0.39,0.399,0.405,0.601,0.453,0.4,0.897,0.14,0.15,0.17,0.1575,0.115,0.14,0.1695,0.1495,0.144,0.1565,0.1535,0.1825,0.155,0.19,0.1885,0.1955,0.155,0.17,0.186,0.2155,0.2195,0.295,0.343,0.24,0.214,0.29,0.2835,0.237,0.275,0.309,0.274,0.27,0.275,0.2925,0.3085,0.3295,0.405,0.31,0.3235,0.395,0.3745,0.335,0.432,0.4,0.349,0.3725,0.46,0.477,0.5175,0.485,0.4005,0.498,0.405,0.48,0.5475,0.4135,0.6205,0.1035,0.129,0.141,0.131,0.185,0.201,0.156,0.19,0.218,0.2165,0.234,0.2215,0.205,0.23,0.206,0.25,0.222,0.26,0.228,0.22,0.265,0.441,0.22,0.253,0.2295,0.235,0.265,0.24,0.24,0.225,0.274,0.317,0.2415,0.2865,0.267,0.27,0.2475,0.2405,0.286,0.287,0.3425,0.358,0.3735,0.294,0.345,0.34,0.4,0.3865,0.4375,0.446,0.638,0.5075,0.42,0.2685,0.4505,0.5,0.5,0.595,0.167,0.2065,0.2045,0.194,0.248,0.255,0.219,0.1685,0.2705,0.275,0.22,0.2955,0.204,0.235,0.335,0.274,0.295,0.2885,0.237,0.31,0.275,0.309,0.325,0.295,0.315,0.25,0.305,0.3035,0.347,0.275,0.34,0.295,0.3,0.3,0.39,0.355,0.315,0.3365,0.315,0.3455,0.3665,0.31,0.406,0.4075,0.345,0.3725,0.4325,0.405,0.375,0.46,0.365,0.469,0.461,0.512,0.528,0.5365,0.103,0.1025,0.11,0.142,0.198,0.1555,0.1555,0.2185,0.149,0.1735,0.175,0.215,0.249,0.238,0.2385,0.2335,0.245,0.25,0.357,0.25,0.312,0.3465,0.305,0.276,0.305,0.31,0.377,0.43,0.4,0.215,0.4195,0.345,0.41,0.345,0.415,0.395,0.461,0.595,0.388,0.494,0.5015,0.446,0.445,0.112,0.239,0.2875,0.225,0.269,0.259,0.2645,0.215,0.219,0.245,0.268,0.355,0.239,0.275,0.295,0.2285,0.309,0.217,0.2535,0.2725,0.275,0.2635,0.27,0.266,0.2945,0.31,0.28,0.311,0.395,0.309,0.3325,0.3105,0.354,0.3,0.339,0.3035,0.328,0.418,0.3685,0.4435,0.335,0.386,0.3845,0.48,0.3745,0.317,0.415,0.33,0.391,0.378,0.3665,0.365,0.341,0.495,0.3925,0.353,0.3665,0.395,0.315,0.308,0.3,0.3545,0.4125,0.32,0.54,0.502,0.566,0.485,0.511,0.557,0.63,0.642,0.578,0.143,0.117,0.12,0.2365,0.296,0.273,0.252,0.276,0.159,0.2105,0.344,0.29,0.2485,0.258,0.3285,0.251,0.343,0.297,0.2565,0.3185,0.344,0.3475,0.315,0.3965,0.3075,0.378,0.455,0.4425,0.643,0.14,0.214,0.194,0.18,0.235,0.185,0.26,0.246,0.265,0.277,0.283,0.238,0.2265,0.235,0.239,0.295,0.27,0.269,0.2795,0.+ 2485,0.223,0.329,0.3105,0.321,0.27,0.285,0.2685,0.3885,0.285,0.355,0.5195,0.325,0.335,0.3215,0.361,0.3535,0.289,0.335,0.365,0.3535,0.35,0.34,0.3385,0.348,0.37,0.436,0.4,0.4115,0.4715,0.384,0.4075,0.5,0.4505,0.375,0.535,0.503,0.646,0.129,0.145,0.167,0.185,0.1535,0.168,0.1765,0.2385,0.2475,0.2625,0.275,0.295,0.341,0.386,0.135,0.132,0.116,0.121,0.1635,0.2385,0.1515,0.1455,0.1795,0.213,0.2605,0.262,0.372,0.339,0.32,0.49,0.479,0.6585,0.245,0.095,0.22,0.125,0.175,0.215,0.085,0.285,0.365,0.885,0.335,0.175,0.11,0.09,0.15,0.4,0.245,0.295,0.055,0.13,0.18,0.465,0.155,0.135,0.185,0.17,0.115,0.036,0.1505,0.265,0.435,0.49,0.725,0.285,0.57,0.095,0.045,0.04,0.23,0.35,0.26,0.355,0.35,0.13,0.26,0.17,0.315,0.455,0.295,0.47,0.13,0.135,0.61,0.35,0.57,0.27,0.385,0.28,0.075,0.275,0.35,0.415,0.4,0.125,0.165,0.205,0.075,0.415,0.38,0.53,0.24,0.175,0.285,0.135,0.32,0.27,0.255,0.58,0.685,0.445,0.17,0.195,0.155,0.185,0.22,0.17,0.195,0.285,0.175,0.195,0.085,0.34,0.27,0.25,0.29,0.215,0.22,0.12,0.2,0.335,0.445,0.36,0.245,0.485,0.455,0.4,0.2175,0.2515,0.27,0.42,0.31,0.28,0.4,0.25,0.25,0.305,0.5,0.48,0.01,0.07,0.01,0.0075,0.144,0.069,0.0605,0.045,0.048,0.113,0.13,0.04,0.06,0.03,0.03,0.07,0.3,0.145,0.255,0.145,0.14,0.18,0.06,0.096,0.19,0.13,0.315,0.18,0.105,0.235,0.24,0.24,0.375,0.385,0.31,0.38,0.34,0.08,0.21,0.235,0.204,0.1835,0.113,0.105,0.225,0.285,0.25,0.355,0.1505,0.161,0.211,0.199,0.2235,0.2625,0.325,0.292,0.335,0.361,0.309,0.384,0.471,0.54,0.1225,0.135,0.1485,0.172,0.202,0.195,0.1835,0.213,0.259,0.263,0.29,0.264,0.292,0.3385,0.35,0.3165,0.3775,0.391,0.4325,0.505,0.5335,0.584,0.15,0.145,0.178,0.205,0.17,0.213,0.25,0.225,0.249,0.26,0.3345,0.227,0.491,0.2505,0.2725,0.31,0.305,0.345,0.327,0.37,0.375,0.176,0.335,0.285,0.3275,0.336,0.335,0.3755,0.351,0.3935,0.406,0.4025,0.47,0.4405,0.5085,0.488,0.5285,0.1155,0.172,0.2,0.245,0.3265,0.274,0.254,0.275,0.278,0.28,0.367,0.24,0.315,0.29,0.295,0.3465,0.34,0.3115,0.465,0.346,0.3175,0.285,0.175,0.365,0.45,0.4865,0.45,0.404,0.52,0.1535,0.1985,0.189,0.25,0.27,0.2595,0.31,0.31,0.285,0.307,0.26,0.337,0.25,0.294,0.3,0.371,0.4755,0.5315,0.505,0.15,0.255,0.2525,0.23,0.29,0.305,0.287,0.345,0.265,0.265,0.3605,0.315,0.3745,0.2915,0.2615,0.3745,0.3525,0.3115,0.233,0.315,0.348,0.367,0.355,0.345,0.363,0.4395,0.445,0.47,0.387,0.425,0.365,0.325,0.41,0.341,0.44,0.5305,0.625,0.495,0.313,0.2505,0.337,0.389,0.1965,0.1975,0.276,0.322,0.33,0.2835,0.266,0.416,0.437,0.3685,0.563,0.159,0.38,0.264,0.2845,0.276,0.237,0.335,0.235,0.245,0.5,0.289,0.255,0.29,0.343,0.37,0.4695,0.387,0.395,0.364,0.42,0.4485,0.385,0.4055,0.4625,0.1305,0.174,0.1545,0.188,0.184,0.1345,0.345,0.2505,0.121,0.277,0.3055,0.439,0.421,0.1455,0.203,0.2315,0.2365,0.323,0.3245,0.316,0.3815,0.19,0.185,0.265,0.19,0.23,0.48,0.245,0.315,0.135,0.175,0.175,0.3,0.215,0.375,0.295,0.31,0.35,0.28,0.065,0.145,0.0775,0.206,0.52,0.29,0.665,0.24,0.405,0.31,0.16,0.07,0.265,0.545,0.125,0.465,0.21,0.1,0.355,0.255,0.47,0.275,0.125,0.265,0.485,0.315,0.43,0.29,0.395,0.42,0.295,0.275,0.05,0.175,0.185,0.165,0.39,0.29,0.16,0.115,0.255,0.145,0.13,0.17,0.22,0.555,0.22,0.26,0.205,0.225,0.193,0.295,0.22,0.395,0.405,0.03,0.1,0.0655,0.184,0.03,0.008,0.0485,0.112,0.104,0.035,0.09,0.09,0.055,0.03,0.135,0.055,0.29,0.057,0.325,0.19,0.22,0.26,0.31,0.335,0.33,0.26,0.305,0.41,0.32,0.3,0.34,0.07,0.25,0.2495,0.215,0.075,0.185,0.218,0.265,0.28,0.292,0.2785,0.409,0.5,0.5235,0.135,0.161,0.2,0.25,0.31,0.365,0.2825,0.475,0.295,0.354,0.372,0.529,0.2185,0.27,0.23,0.23,0.1955,0.225,0.255,0.268,0.335,0.325,0.3135,0.271,0.38,0.355,0.43,0.4535,0.449,0.1315,0.1535,0.2365,0.277,0.2575,0.279,0.275,0.36,0.29,0.39,0.302,0.365,0.369,0.4115,0.405,0.401,0.325,0.465,0.445,0.6195,0.119,0.228,0.215,0.365,0.31,0.3285,0.371,0.228,0.38,0.335,0.405,0.48,0.4305,0.215,0.19,0.212,0.28,0.305,0.3555,0.2935,0.317,0.332,0.35,0.305,0.405,0.425,0.36,0.399,0.32,0.4355,0.385,0.4,0.339,0.3315,0.341,0.4895,0.46,0.462,0.434,0.6745,0.184,0.2475,0.185,0.17,0.146,0.271,0.345,0.283,0.3375,0.287,0.2595,0.22,0.1825,0.275,0.2695,0.235,0.2445,0.265,0.314,0.33,0.2655,0.3175,0.345,0.335,0.354,0.374,0.512,0.5295,0.488,0.0975,0.175,0.24,0.1395,0.153,0.2245,0.2+ 515,0.2735,0.3305,0.296,0.3945,0.4285,0.374,0.235,0.24,0.085,0.105,0.19,0.205,0.27,0.355,0.145,0.159,0.1025,0.285,0.275,0.135,0.49,0.185,0.285,0.25,0.05,0.365,0.155,0.195,0.43,0.185,0.215,0.56,0.1085,0.36,0.35,0.07,0.02,0.168,0.043,0.08,0.09,0.26,0.295,0.25,0.19,0.4,0.375,0.25,0.19,0.133,0.4305,0.496,0.097,0.169,0.155,0.275,0.33,0.322,0.3445,0.4505,0.3725,0.5755,0.621,0.17,0.247,0.305,0.265,0.245,0.286,0.323,0.285,0.225,0.178,0.3,0.335,0.4705,0.1805,0.301,0.269,0.28,0.34,0.355,0.305,0.3245,0.4545,0.1415,0.278,0.3,0.216,0.225,0.19,0.2725,0.3,0.3,0.24,0.298,0.27,0.37,0.3705,0.37,0.3555,0.37,0.381,0.48,0.506,0.139,0.3795,0.2785,0.3865,0.077,0.252,0.255,0.263,0.251,0.325,0.335,0.365,0.508,0.657,0.385,0.445,0.355,0.146,0.155,0.092,0.1535,0.1815,0.2405,0.229,0.2605,0.308,0.495),
+ 
+   y = c(16.5,8.5,11.5,10.5,11.5,12.5,13.5,8.5,10.5,12.5,13.5,16.5,12.5,11.5,19.5,9.5,10.5,10.5,8.5,11.5,8.5,9.5,9.5,8.5,10.5,8.5,9.5,9.5,14.5,12.5,10.5,13.5,22.5,15.5,14.5,11.5,16.5,13.5,14.5,16.5,15.5,10.5,9.5,8.5,16.5,16.5,11.5,13.5,10.5,10.5,10.5,11.5,9.5,7.5,20.5,19.5,18.5,10.5,10.5,17.5,12.5,11.5,11.5,16.5,11.5,17.5,14.5,13.5,15.5,15.5,15.5,9.5,12.5,15.5,22.5,14.5,14.5,13.5,15.5,13.5,17.5,16.5,11.5,14.5,9.5,8.5,10.5,11.5,9.5,11.5,14.5,15.5,23.5,18.5,14.5,16.5,16.5,20.5,11.5,12.5,7.5,15.5,9.5,10.5,17.5,15.5,16.5,14.5,23.5,19.5,21.5,15.5,15.5,11.5,10.5,18.5,16.5,27.5,12.5,10.5,9.5,7.5,14.5,15.5,11.5,15.5,20.5,24.5,11.5,12.5,8.5,13.5,9.5,13.5,12.5,15.5,17.5,14.5,15.5,13.5,14.5,15.5,13.5,10.5,17.5,21.5,14.5,18.5,19.5,20.5,12.5,13.5,14.5,12.5,16.5,16.5,11.5,11.5,13.5,11.5,13.5,11.5,15.5,11.5,9.5,13.5,12.5,10.5,9.5,17.5,12.5,9.5,16.5,15.5,13.5,21.5,14.5,14.5,20.5,21.5,19.5,23.5,12.5,10.5,14.5,14.5,17.5,13.5,17.5,12.5,12.5,14.5,22.5,18.5,18.5,22.5,17.5,18.5,16.5,13.5,12.5,12.5,15.5,14.5,16.5,18.5,11.5,16.5,13.5,16.5,12.5,7.5,7.5,10.5,6.5,5.5,4.5,6.5,5.5,5.5,4.5,10.5,8.5,6.5,16.5,9.5,12.5,9.5,8.5,11.5,8.5,15.5,13.5,10.5,11.5,13.5,5.5,10.5,14.5,8.5,10.5,8.5,11.5,11.5,11.5,10.5,9.5,8.5,7.5,8.5,8.5,10.5,7.5,10.5,6.5,8.5,8.5,12.5,14.5,15.5,22.5,13.5,11.5,17.5,11.5,16.5,12.5,12.5,11.5,10.5,6.5,13.5,13.5,10.5,11.5,12.5,11.5,12.5,9.5,10.5,14.5,16.5,16.5,12.5,11.5,14.5,12.5,14.5,16.5,14.5,19.5,11.5,13.5,15.5,11.5,15.5,21.5,10.5,15.5,16.5,11.5,21.5,14.5,21.5,14.5,16.5,16.5,15.5,12.5,10.5,9.5,10.5,11.5,12.5,16.5,14.5,16.5,14.5,13.5,11.5,16.5,13.5,10.5,13.5,13.5,16.5,12.5,10.5,12.5,11.5,11.5,10.5,11.5,8.5,13.5,7.5,9.5,9.5,10.5,9.5,9.5,10.5,11.5,10.5,11.5,10.5,11.5,10.5,13.5,12.5,12.5,10.5,10.5,13.5,10.5,15.5,10.5,12.5,10.5,18.5,16.5,11.5,18.5,9.5,10.5,7.5,7.5,9.5,8.5,9.5,9.5,8.5,7.5,8.5,8.5,10.5,9.5,9.5,9.5,8.5,12.5,8.5,9.5,9.5,11.5,11.5,9.5,8.5,10.5,11.5,10.5,12.5,9.5,10.5,10.5,10.5,12.5,12.5,11.5,11.5,9.5,9.5,12.5,11.5,11.5,12.5,9.5,12.5,10.5,12.5,11.5,10.5,11.5,12.5,13.5,9.5,11.5,12.5,11.5,13.5,8.5,8.5,8.5,7.5,10.5,10.5,8.5,10.5,10.5,11.5,10.5,9.5,9.5,10.5,9.5,10.5,10.5,10.5,10.5,10.5,9.5,10.5,10.5,10.5,9.5,10.5,8.5,9.5,9.5,11.5,10.5,11.5,9.5,10.5,10.5,11.5,9.5,9.5,9.5,9.5,11.5,11.5,11.5,12.5,12.5,9.5,11.5,13.5,11.5,10.5,13.5,13.5,11.5,9.5,13.5,12.5,12.5,11.5,9.5,10.5,10.5,10.5,10.5,10.5,9.5,12.5,11.5,10.5,11.5,11.5,11.5,10.5,11.5,11.5,11.5,11.5,9.5,10.5,11.5,11.5,12.5,12.5,11.5,11.5,13.5,11.5,11.5,11.5,11.5,11.5,11.5,10.5,11.5,13.5,10.5,13.5,13.5,11.5,11.5,11.5,16.5,11.5,12.5,11.5,12.5,12.5,10.5,14.5,11.5,14.5,10.5,11.5,12.5,13.5,10.5,9.5,7.5,9.5,9.5,7.5,10.5,9.5,9.5,9.5,9.5,10.5,9.5,10.5,9.5,9.5,9.5,9.5,10.5,11.5,10.5,11.5,12.5,10.5,10.5,12.5,9.5,12.5,11.5,9.5,12.5,11.5,12.5,11.5,11.5,12.5,13.5,12.5,11.5,13.5,14.5,11.5,12.5,8.5,9.5,9.5,10.5,11.5,11.5,11.5,10.5,11.5,10.5,9.5,11.5,10.5,14.5,11.5,11.5,11.5,11.5,11.5,10.5,10.5,11.5,9.5,11.5,10.5,10.5,11.5,10.5,14.5,13.5,12.5,11.5,10.5,10.5,12.5,11.5,12.5,13.5,11.5,12.5,11.5,13.5,15.5,10.5,11.5,10.5,11.5,10.5,12.5,12.5,10.5,11.5,10.5,11.5,15.5,12.5,12.5,13.5,10.5,13.5,12.5,14.5,11.5,12.5,11.5,12.5,12.5,11.5,14.5,12.5,13.5,13.5,13.5,8.5,8.5,8.5,10.5,10.5,10.5,9.5,11.5,8.5,9.5,11.5,10.5,11.5,11.5,12.5,10.5,10.5,11.5,11.5,10.5,12.5,12.5,10.5,12.5,11.5,11.5,12.5,12.5,12.5,9.5,9.5,9.5,8.5,10.5,8.5,12.5,10.5,12.5,12.5,10.5,14.5,10.5,10.5,11.5,12.5,11.5,10.5,11.5,10.5,11.5,12.5,11.5,11.5,9.5,12.5,10.5,11.5,12.5,10.5,16.5,10.5,13.5,12.5,10.5,11.5,10.5,13.5,13.5,11.5,12.5,10.5,12.5,10.5,12.5,13.5,13.5,12.5,13.5,11.5,11.5,12.5,14.5,13.5,14.5,12.5,14.5,9.5,11.5,10.5,13.5,11.5,10.5,10.5,12.5,10.5,10.5,11.5,13.5,11.5,10.5,9.5,9.5,8.5,8.5,9.5,10.5,8.5,9.5,9.5,10.5,9.5,10.5,9.5,10.5,9.5,12.5,12.5,18.5,11.5,8.5,12.5,8.5,9.5,20.5,10.5,11.5,15.5,28.5,14.5,9.5,8.5,8.5,9.5,13.5,13.5,10.5,7.5,10.5,13.5,15.5,11.5,10.5,12.5,13.5,9.5,8.5,11.5,11.5,17.5,13.5,18.5,15.5,20.5,6.5,7.5,8.5,11.5,13.5,17.5,14.5,7.5,10.5,15.5,13.5,12.5,16.5,20.5,19.5,8.5,9.5,19.5,18.5,18.5,15.5,18.5,14.5,8.5,14.5,18.5,14.5,18.5,13.5,11.5,10.5,7.5,12.5,14.5,15.5,13.5,9.5,14.5,9.5,11.5,12.5,13.5,16.5,16.5,21.5,10.5,11.5,10.5,11.5,13.5+ ,9.5,10.5,12.5,12.5,14.5,8.5,17.5,18.5,14.5,14.5,15.5,13.5,12.5,14.5,16.5,14.5,24.5,12.5,18.5,18.5,22.5,12.5,17.5,20.5,19.5,12.5,14.5,14.5,18.5,13.5,19.5,20.5,16.5,4.5,11.5,6.5,6.5,12.5,11.5,11.5,11.5,8.5,11.5,19.5,12.5,14.5,7.5,7.5,10.5,24.5,14.5,11.5,10.5,10.5,13.5,11.5,10.5,15.5,9.5,18.5,12.5,10.5,17.5,14.5,12.5,21.5,15.5,15.5,19.5,14.5,9.5,13.5,15.5,15.5,16.5,8.5,10.5,13.5,13.5,16.5,20.5,9.5,8.5,9.5,10.5,10.5,12.5,12.5,10.5,10.5,11.5,11.5,11.5,13.5,16.5,10.5,9.5,8.5,10.5,8.5,9.5,7.5,10.5,8.5,8.5,10.5,9.5,9.5,11.5,9.5,10.5,13.5,10.5,9.5,13.5,13.5,11.5,9.5,10.5,8.5,8.5,8.5,10.5,10.5,9.5,9.5,10.5,10.5,10.5,11.5,8.5,11.5,10.5,11.5,12.5,11.5,12.5,11.5,9.5,10.5,10.5,10.5,10.5,10.5,11.5,12.5,14.5,12.5,12.5,11.5,14.5,10.5,12.5,12.5,9.5,12.5,8.5,11.5,11.5,11.5,10.5,11.5,11.5,9.5,12.5,10.5,10.5,11.5,11.5,11.5,13.5,13.5,11.5,12.5,11.5,11.5,11.5,10.5,13.5,14.5,12.5,11.5,10.5,10.5,10.5,8.5,9.5,10.5,10.5,10.5,10.5,10.5,11.5,11.5,11.5,9.5,11.5,11.5,12.5,12.5,11.5,12.5,9.5,9.5,11.5,9.5,9.5,11.5,12.5,10.5,11.5,11.5,11.5,12.5,10.5,12.5,11.5,11.5,12.5,11.5,11.5,10.5,8.5,12.5,11.5,12.5,12.5,12.5,13.5,16.5,10.5,10.5,11.5,12.5,11.5,14.5,12.5,14.5,13.5,13.5,9.5,9.5,14.5,11.5,10.5,10.5,9.5,10.5,10.5,10.5,12.5,11.5,14.5,12.5,15.5,9.5,11.5,10.5,11.5,10.5,11.5,12.5,10.5,10.5,13.5,10.5,13.5,12.5,14.5,12.5,11.5,10.5,12.5,13.5,12.5,11.5,12.5,11.5,14.5,9.5,11.5,11.5,12.5,10.5,10.5,12.5,10.5,11.5,12.5,9.5,12.5,11.5,11.5,9.5,9.5,10.5,11.5,12.5,12.5,12.5,9.5,10.5,12.5,11.5,11.5,21.5,14.5,15.5,10.5,8.5,10.5,11.5,10.5,16.5,16.5,16.5,11.5,14.5,7.5,10.5,9.5,12.5,11.5,12.5,17.5,8.5,14.5,21.5,12.5,10.5,13.5,17.5,11.5,17.5,12.5,10.5,19.5,9.5,17.5,12.5,13.5,14.5,15.5,19.5,15.5,16.5,15.5,16.5,14.5,12.5,7.5,13.5,10.5,8.5,19.5,18.5,15.5,12.5,18.5,12.5,13.5,13.5,13.5,25.5,12.5,12.5,13.5,16.5,10.5,14.5,15.5,18.5,17.5,6.5,12.5,10.5,17.5,8.5,5.5,11.5,15.5,12.5,6.5,10.5,10.5,12.5,6.5,13.5,11.5,20.5,9.5,20.5,16.5,15.5,14.5,19.5,14.5,17.5,11.5,14.5,20.5,11.5,14.5,19.5,10.5,11.5,19.5,14.5,9.5,10.5,8.5,10.5,9.5,12.5,10.5,11.5,14.5,14.5,9.5,8.5,8.5,9.5,10.5,9.5,10.5,12.5,11.5,10.5,11.5,12.5,11.5,9.5,9.5,9.5,9.5,9.5,11.5,9.5,13.5,11.5,11.5,10.5,10.5,12.5,11.5,12.5,11.5,8.5,9.5,9.5,11.5,10.5,10.5,9.5,12.5,10.5,12.5,10.5,11.5,13.5,12.5,12.5,12.5,11.5,12.5,13.5,13.5,9.5,8.5,10.5,11.5,12.5,10.5,15.5,10.5,12.5,11.5,11.5,11.5,11.5,10.5,8.5,10.5,9.5,11.5,12.5,11.5,12.5,12.5,11.5,11.5,14.5,13.5,12.5,12.5,11.5,14.5,13.5,12.5,11.5,12.5,12.5,11.5,12.5,12.5,12.5,12.5,10.5,10.5,8.5,10.5,10.5,11.5,11.5,10.5,11.5,10.5,10.5,10.5,11.5,11.5,10.5,10.5,9.5,10.5,11.5,11.5,11.5,12.5,10.5,11.5,13.5,11.5,13.5,14.5,13.5,10.5,11.5,10.5,9.5,9.5,10.5,9.5,11.5,11.5,8.5,12.5,12.5,12.5,15.5,12.5,7.5,10.5,9.5,12.5,17.5,15.5,12.5,10.5,7.5,11.5,13.5,9.5,17.5,11.5,20.5,16.5,10.5,17.5,11.5,11.5,13.5,17.5,13.5,15.5,16.5,17.5,17.5,7.5,5.5,14.5,9.5,11.5,13.5,12.5,14.5,15.5,12.5,15.5,21.5,14.5,17.5,8.5,12.5,11.5,9.5,9.5,7.5,9.5,11.5,12.5,9.5,11.5,10.5,11.5,13.5,11.5,10.5,13.5,9.5,10.5,10.5,9.5,11.5,11.5,12.5,9.5,11.5,12.5,8.5,10.5,12.5,12.5,10.5,10.5,11.5,14.5,12.5,9.5,11.5,10.5,9.5,11.5,9.5,12.5,11.5,12.5,9.5,10.5,10.5,12.5,13.5,12.5,14.5,10.5,10.5,12.5,11.5,9.5,10.5,10.5,10.5,8.5,12.5,9.5,11.5,12.5,12.5,12.5,14.5,12.5,12.5,11.5,12.5,12.5,9.5,9.5,9.5,10.5,11.5,11.5,9.5,11.5,10.5,13.5)
+ )
> 
> lm.sol <- lm(y ~ x_l + x_d + x_h + x_whole + x_shucked + x_viscera + x_shell, data = database)
> 
> # pdf("length.pdf")
> # plot(y=database$y, x=database$x_l)
> # pdf("diameter.pdf")
> # plot(y=database$y, x=database$x_d)
> # pdf("height.pdf")
> # plot(y=database$y, x=database$x_h)
> 
> # pdf("whole_weight.pdf")
> # plot(y=database$y, x=database$x_whole)
> # pdf("shucked_weight.pdf")
> # plot(y=database$y, x=database$x_shucked)
> # pdf("viscera_weight.pdf")
> # plot(y=database$y, x=database$x_viscera)
> # pdf("shell_weight.pdf")
> # plot(y=database$y, x=database$x_shell)
> 
> summary(lm.sol)

Call:
lm(formula = y ~ x_l + x_d + x_h + x_whole + x_shucked + x_viscera + 
    x_shell, data = database)

Residuals:
    Min      1Q  Median      3Q     Max 
-8.4766 -1.4687 -0.3052  0.9788 11.6339 

Coefficients:
            Estimate Std. Error t value Pr(>|t|)    
(Intercept)   6.6924     0.5664  11.816  < 2e-16 ***
x_l          -0.4297     3.1763  -0.135    0.892    
x_d           5.0545     3.8097   1.327    0.185    
x_h          14.9002     3.4121   4.367 1.35e-05 ***
x_whole       8.6694     1.1367   7.627 4.21e-14 ***
x_shucked   -18.7931     1.2599 -14.916  < 2e-16 ***
x_viscera   -10.1695     2.0001  -5.085 4.14e-07 ***
x_shell      10.6795     1.7809   5.997 2.51e-09 ***
---
Signif. codes:  0 *** 0.001 ** 0.01 * 0.05 . 0.1   1

Residual standard error: 2.271 on 1520 degrees of freedom
Multiple R-squared:  0.4396,	Adjusted R-squared:  0.4371 
F-statistic: 170.4 on 7 and 1520 DF,  p-value: < 2.2e-16

> # pdf("first.pdf")
> # plot(lm.sol)
> 
> tstep <- step(lm.sol)
Start:  AIC=2514.08
y ~ x_l + x_d + x_h + x_whole + x_shucked + x_viscera + x_shell

            Df Sum of Sq    RSS    AIC
- x_l        1      0.09 7836.9 2512.1
- x_d        1      9.08 7845.8 2513.8
<none>                   7836.8 2514.1
- x_h        1     98.32 7935.1 2531.1
- x_viscera  1    133.29 7970.1 2537.8
- x_shell    1    185.41 8022.2 2547.8
- x_whole    1    299.92 8136.7 2569.5
- x_shucked  1   1147.15 8983.9 2720.8

Step:  AIC=2512.09
y ~ x_d + x_h + x_whole + x_shucked + x_viscera + x_shell

            Df Sum of Sq    RSS    AIC
<none>                   7836.9 2512.1
- x_d        1     33.29 7870.1 2516.6
- x_h        1     98.33 7935.2 2529.2
- x_viscera  1    135.67 7972.5 2536.3
- x_shell    1    186.25 8023.1 2546.0
- x_whole    1    299.82 8136.7 2567.5
- x_shucked  1   1155.86 8992.7 2720.3
> summary(tstep)

Call:
lm(formula = y ~ x_d + x_h + x_whole + x_shucked + x_viscera + 
    x_shell, data = database)

Residuals:
    Min      1Q  Median      3Q     Max 
-8.4727 -1.4669 -0.3077  0.9777 11.6402 

Coefficients:
            Estimate Std. Error t value Pr(>|t|)    
(Intercept)   6.6616     0.5186  12.847  < 2e-16 ***
x_d           4.6011     1.8102   2.542   0.0111 *  
x_h          14.9013     3.4110   4.369 1.33e-05 ***
x_whole       8.6668     1.1361   7.628 4.17e-14 ***
x_shucked   -18.8064     1.2556 -14.978  < 2e-16 ***
x_viscera   -10.1989     1.9876  -5.131 3.25e-07 ***
x_shell      10.6912     1.7782   6.012 2.29e-09 ***
---
Signif. codes:  0 *** 0.001 ** 0.01 * 0.05 . 0.1   1

Residual standard error: 2.27 on 1521 degrees of freedom
Multiple R-squared:  0.4396,	Adjusted R-squared:  0.4374 
F-statistic: 198.9 on 6 and 1521 DF,  p-value: < 2.2e-16

> # pdf("second.pdf")
> # plot(tstep)
> 
> 
