
R version 4.2.0 (2022-04-22) -- "Vigorous Calisthenics"
Copyright (C) 2022 The R Foundation for Statistical Computing
Platform: x86_64-pc-linux-gnu (64-bit)

R is free software and comes with ABSOLUTELY NO WARRANTY.
You are welcome to redistribute it under certain conditions.
Type 'license()' or 'licence()' for distribution details.

  Natural language support but running in an English locale

R is a collaborative project with many contributors.
Type 'contributors()' for more information and
'citation()' on how to cite R or R packages in publications.

Type 'demo()' for some demos, 'help()' for on-line help, or
'help.start()' for an HTML browser interface to help.
Type 'q()' to quit R.

> database <- data.frame(
+   x_l = c(0.53,0.53,0.545,0.55,0.525,0.535,0.47,0.44,0.565,0.55,0.615,0.56,0.58,0.68,0.68,0.705,0.54,0.45,0.575,0.45,0.55,0.46,0.525,0.47,0.5,0.505,0.53,0.565,0.595,0.475,0.4,0.595,0.605,0.6,0.6,0.555,0.615,0.575,0.52,0.57,0.46,0.575,0.625,0.475,0.52,0.545,0.5,0.51,0.435,0.545,0.53,0.49,0.56,0.47,0.515,0.44,0.325,0.425,0.305,0.405,0.565,0.55,0.49,0.605,0.635,0.605,0.565,0.575,0.58,0.575,0.605,0.725,0.65,0.725,0.68,0.68,0.53,0.52,0.56,0.62,0.645,0.63,0.63,0.63,0.585,0.51,0.505,0.45,0.5,0.53,0.44,0.525,0.49,0.415,0.485,0.415,0.445,0.47,0.49,0.445,0.5,0.39,0.58,0.53,0.595,0.575,0.635,0.59,0.54,0.57,0.46,0.45,0.64,0.66,0.515,0.535,0.455,0.535,0.495,0.535,0.565,0.565,0.405,0.54,0.47,0.63,0.62,0.635,0.58,0.4,0.74,0.565,0.62,0.505,0.46,0.525,0.61,0.585,0.645,0.685,0.59,0.65,0.6,0.62,0.58,0.69,0.65,0.66,0.68,0.7,0.675,0.585,0.61,0.455,0.47,0.5,0.485,0.435,0.515,0.525,0.58,0.605,0.62,0.63,0.63,0.67,0.49,0.61,0.56,0.575,0.57,0.505,0.41,0.56,0.565,0.675,0.665,0.565,0.645,0.64,0.525,0.585,0.67,0.68,0.53,0.515,0.52,0.545,0.465,0.7,0.58,0.585,0.625,0.57,0.655,0.625,0.64,0.605,0.615,0.58,0.62,0.62,0.6,0.625,0.455,0.49,0.275,0.345,0.36,0.57,0.57,0.46,0.435,0.375,0.5,0.44,0.38,0.565,0.66,0.66,0.44,0.475,0.545,0.47,0.41,0.59,0.57,0.61,0.585,0.63,0.625,0.645,0.41,0.55,0.405,0.37,0.66,0.55,0.56,0.385,0.39,0.44,0.47,0.5,0.5,0.525,0.425,0.38,0.43,0.51,0.59,0.475,0.37,0.555,0.615,0.585,0.415,0.38,0.395,0.485,0.45,0.5,0.53,0.49,0.52,0.5,0.45,0.37,0.435,0.535,0.535,0.43,0.43,0.395,0.48,0.445,0.345,0.49,0.48,0.52,0.52,0.36,0.535,0.52,0.53,0.66,0.51,0.605,0.58,0.605,0.55,0.54,0.61,0.59,0.55,0.53,0.53,0.47,0.515,0.505,0.6,0.57,0.485,0.425,0.48,0.44,0.52,0.49,0.48,0.495,0.54,0.545,0.55,0.55,0.575,0.595,0.595,0.595,0.595,0.6,0.605,0.615,0.615,0.62,0.625,0.625,0.635,0.635,0.64,0.67,0.675,0.675,0.68,0.685,0.695,0.445,0.465,0.47,0.475,0.485,0.505,0.515,0.525,0.53,0.53,0.535,0.55,0.55,0.56,0.565,0.57,0.575,0.58,0.58,0.58,0.59,0.595,0.595,0.595,0.605,0.615,0.62,0.625,0.625,0.625,0.625,0.63,0.64,0.64,0.645,0.645,0.645,0.645,0.655,0.655,0.66,0.66,0.675,0.675,0.695,0.705,0.715,0.735,0.505,0.51,0.52,0.55,0.55,0.56,0.565,0.57,0.575,0.575,0.575,0.58,0.6,0.6,0.605,0.605,0.615,0.615,0.62,0.625,0.635,0.645,0.65,0.655,0.66,0.67,0.685,0.69,0.69,0.7,0.705,0.71,0.72,0.72,0.73,0.75,0.755,0.78,0.455,0.46,0.535,0.54,0.545,0.55,0.56,0.565,0.57,0.575,0.575,0.58,0.595,0.595,0.6,0.6,0.605,0.605,0.615,0.615,0.615,0.62,0.62,0.625,0.625,0.625,0.63,0.635,0.635,0.65,0.65,0.65,0.655,0.655,0.66,0.66,0.665,0.67,0.67,0.695,0.7,0.705,0.71,0.72,0.725,0.73,0.735,0.745,0.75,0.815,0.475,0.495,0.505,0.545,0.55,0.56,0.56,0.58,0.58,0.59,0.59,0.595,0.605,0.605,0.605,0.61,0.62,0.63,0.63,0.635,0.64,0.645,0.645,0.65,0.65,0.655,0.665,0.68,0.7,0.515,0.565,0.57,0.575,0.575,0.575,0.58,0.585,0.595,0.6,0.6,0.6,0.605,0.605,0.605,0.605,0.61,0.61,0.61,0.61,0.62,0.62,0.62,0.62,0.625,0.63,0.635,0.635,0.64,0.645,0.645,0.645,0.65,0.655,0.655,0.655,0.66,0.665,0.67,0.67,0.67,0.675,0.68,0.685,0.69,0.7,0.705,0.71,0.71,0.72,0.725,0.73,0.74,0.75,0.375,0.49,0.535,0.545,0.545,0.55,0.58,0.61,0.615,0.635,0.64,0.655,0.665,0.675,0.685,0.695,0.705,0.72,0.51,0.54,0.565,0.57,0.575,0.575,0.58,0.58,0.6,0.6,0.605,0.61,0.61,0.61,0.615,0.62,0.625,0.625,0.625,0.635,0.635,0.635,0.64,0.64,0.64,0.645,0.645,0.65,0.65,0.655,0.655,0.66,0.665,0.67,0.675,0.7,0.705,0.72,0.725,0.75,0.53,0.53,0.55,0.56,0.57,0.6,0.625,0.4,0.455,0.475,0.5,0.535,0.54,0.54,0.545,0.565,0.58,0.585,0.6,0.61,0.62,0.665,0.69,0.705,0.71,0.72,0.73,0.505,0.505,0.4,0.49,0.675,0.375,0.48,0.435,0.29,0.5,0.52,0.44,0.56,0.59,0.57,0.45,0.415,0.745,0.4,0.64,0.715,0.71,0.55,0.61,0.37,0.645,0.57,0.58,0.595,0.595,0.625,0.52,0.49,0.575,0.68,0.65,0.645,0.29,0.625,0.55,0.595,0.43,0.455,0.515,0.485,0.535,0.625,0.555,0.55,0.505,0.505,0.56,0.57,0.56,0.46,0.435,0.475,0.38,0.47,0.585,0.57,0.645,0.59,0.58,0.62,0.72,0.635,0.61,0.545,0.6,0.52,0.67,0.62,0.6,0.495,0.5,0.385,0.58,0.38,0.52,0.535,0.48,0.52,0.58,0.55,0.65,0.465,0.435,0.58,0.505,0.505,0.665,0.415,0.525,0.515,0.8,0.565,0.59,0.71,0.56,0.45,0.515,0.72,0.61,0.645,0.545,0.66,0.6,0.63,0.72,0.405,0.5,0.43,0.36,0.525,0.44,0.45,0.485,0+ .455,0.53,0.585,0.58,0.64,0.505,0.505,0.465,0.465,0.475,0.41,0.53,0.635,0.61,0.66,0.465,0.515,0.345,0.445,0.55,0.35,0.37,0.42,0.585,0.5,0.52,0.37,0.615,0.59,0.47,0.5,0.52,0.54,0.49,0.63,0.515,0.475,0.52,0.48,0.33,0.465,0.47,0.565,0.6,0.6,0.6,0.625,0.64,0.655,0.675,0.675,0.69,0.695,0.7,0.73,0.455,0.46,0.53,0.53,0.55,0.555,0.57,0.57,0.58,0.585,0.595,0.595,0.595,0.6,0.6,0.615,0.615,0.62,0.62,0.62,0.625,0.625,0.63,0.63,0.635,0.635,0.65,0.69,0.695,0.7,0.705,0.545,0.545,0.55,0.57,0.57,0.575,0.585,0.585,0.59,0.595,0.605,0.615,0.615,0.625,0.645,0.65,0.65,0.665,0.675,0.725,0.74,0.515,0.525,0.545,0.555,0.57,0.575,0.58,0.58,0.585,0.61,0.615,0.62,0.62,0.63,0.64,0.66,0.66,0.675,0.705,0.525,0.54,0.54,0.57,0.58,0.59,0.62,0.625,0.635,0.645,0.645,0.65,0.655,0.655,0.72,0.72,0.72,0.465,0.535,0.55,0.575,0.58,0.58,0.58,0.6,0.6,0.605,0.61,0.615,0.615,0.615,0.62,0.625,0.625,0.63,0.63,0.635,0.635,0.645,0.645,0.65,0.655,0.655,0.66,0.66,0.665,0.67,0.68,0.505,0.51,0.525,0.535,0.59,0.595,0.62,0.625,0.635,0.635,0.655,0.67,0.75,0.57,0.58,0.595,0.6,0.61,0.625,0.635,0.635,0.64,0.64,0.655,0.655,0.66,0.68,0.68,0.695,0.7,0.73,0.755,0.52,0.53,0.55,0.47,0.525,0.525,0.55,0.575,0.62,0.63,0.63,0.685,0.485,0.625,0.645,0.71,0.7,0.655,0.665,0.47,0.43,0.34,0.335,0.55,0.64,0.545,0.64,0.57,0.505,0.49,0.505,0.37,0.67,0.59,0.47,0.51,0.525,0.61,0.545,0.49,0.505,0.385,0.62,0.635,0.665,0.6,0.585,0.555,0.57,0.62,0.64,0.42,0.45,0.64,0.61,0.59,0.69,0.655,0.69,0.695,0.61,0.435,0.435,0.575,0.56,0.645,0.595,0.655,0.495,0.4,0.595,0.625,0.475,0.5,0.465,0.655,0.58,0.59,0.665,0.62,0.605,0.51,0.495,0.63,0.605,0.62,0.615,0.66,0.71,0.565,0.57,0.45,0.62,0.48,0.505,0.705,0.535,0.48,0.395,0.545,0.385,0.51,0.425,0.45,0.685,0.585,0.49,0.455,0.48,0.51,0.52,0.455,0.58,0.475,0.46,0.305,0.475,0.605,0.475,0.46,0.49,0.56,0.58,0.595,0.63,0.65,0.465,0.49,0.505,0.525,0.555,0.555,0.575,0.61,0.61,0.61,0.625,0.625,0.64,0.665,0.715,0.725,0.505,0.53,0.555,0.585,0.595,0.615,0.62,0.64,0.64,0.645,0.655,0.66,0.69,0.7,0.7,0.72,0.495,0.565,0.57,0.575,0.585,0.585,0.595,0.6,0.6,0.6,0.6,0.62,0.625,0.625,0.65,0.65,0.655,0.66,0.51,0.555,0.59,0.61,0.64,0.64,0.655,0.665,0.67,0.735,0.525,0.545,0.585,0.585,0.595,0.595,0.595,0.6,0.605,0.61,0.625,0.63,0.65,0.65,0.66,0.665,0.67,0.67,0.675,0.675,0.705,0.725,0.38,0.485,0.55,0.575,0.635,0.65,0.65,0.67,0.695,0.705,0.555,0.56,0.575,0.585,0.62,0.63,0.645,0.65,0.65,0.655,0.665,0.675,0.695,0.705,0.45,0.52,0.61,0.605,0.615,0.68,0.71,0.545,0.46,0.425,0.53,0.615,0.675,0.375,0.57,0.485,0.565,0.57,0.55,0.63,0.655,0.525,0.5,0.44,0.49,0.45,0.515,0.525,0.645,0.61,0.565,0.67,0.46,0.56,0.575,0.56,0.5,0.595,0.615,0.565,0.525,0.455,0.52,0.645,0.5,0.47,0.65,0.67,0.49,0.475,0.35,0.54,0.525,0.53,0.525,0.53,0.465,0.515,0.555,0.61,0.68,0.72,0.525,0.585,0.645,0.655,0.67,0.555,0.585,0.62,0.64,0.68,0.69,0.575,0.575,0.58,0.58,0.625,0.625,0.635,0.645,0.69,0.695,0.63,0.64,0.575,0.625,0.635,0.635,0.65,0.675,0.675,0.71,0.715,0.72,0.56,0.57,0.605,0.64,0.595,0.6,0.615,0.635,0.645,0.65,0.655,0.56,0.585,0.585,0.515,0.565,0.625),
+   x_d = c(0.42,0.415,0.425,0.44,0.38,0.405,0.355,0.34,0.44,0.415,0.48,0.44,0.45,0.56,0.55,0.55,0.475,0.355,0.445,0.335,0.425,0.375,0.425,0.36,0.4,0.4,0.41,0.44,0.495,0.39,0.32,0.475,0.45,0.475,0.47,0.425,0.475,0.445,0.425,0.465,0.355,0.45,0.495,0.375,0.41,0.43,0.4,0.39,0.395,0.41,0.415,0.375,0.43,0.365,0.425,0.35,0.26,0.33,0.23,0.325,0.445,0.45,0.38,0.5,0.515,0.485,0.45,0.46,0.455,0.46,0.485,0.56,0.545,0.575,0.57,0.515,0.395,0.405,0.45,0.475,0.51,0.48,0.5,0.48,0.46,0.4,0.41,0.345,0.4,0.435,0.34,0.415,0.365,0.325,0.395,0.305,0.325,0.35,0.375,0.355,0.37,0.29,0.465,0.415,0.455,0.46,0.505,0.475,0.475,0.44,0.38,0.36,0.525,0.53,0.425,0.415,0.355,0.415,0.4,0.435,0.505,0.455,0.305,0.435,0.36,0.485,0.47,0.535,0.455,0.325,0.6,0.45,0.51,0.375,0.425,0.42,0.495,0.45,0.525,0.545,0.465,0.525,0.48,0.5,0.455,0.56,0.545,0.565,0.58,0.575,0.545,0.45,0.495,0.37,0.375,0.395,0.365,0.325,0.415,0.44,0.46,0.495,0.47,0.5,0.5,0.54,0.39,0.485,0.455,0.45,0.45,0.425,0.325,0.455,0.455,0.535,0.555,0.49,0.55,0.54,0.41,0.465,0.55,0.55,0.44,0.405,0.405,0.415,0.35,0.585,0.46,0.465,0.515,0.455,0.51,0.5,0.52,0.485,0.525,0.44,0.52,0.47,0.505,0.485,0.35,0.38,0.195,0.25,0.27,0.445,0.45,0.355,0.335,0.29,0.375,0.355,0.29,0.45,0.5,0.53,0.34,0.35,0.415,0.355,0.32,0.455,0.44,0.475,0.435,0.48,0.49,0.525,0.305,0.41,0.31,0.29,0.52,0.43,0.445,0.315,0.3,0.345,0.355,0.385,0.385,0.405,0.335,0.305,0.34,0.4,0.45,0.36,0.28,0.435,0.515,0.475,0.34,0.305,0.295,0.38,0.35,0.38,0.41,0.385,0.395,0.375,0.38,0.275,0.325,0.4,0.405,0.325,0.335,0.315,0.385,0.33,0.26,0.36,0.375,0.4,0.405,0.265,0.42,0.405,0.42,0.52,0.39,0.46,0.455,0.495,0.44,0.44,0.47,0.445,0.43,0.425,0.455,0.36,0.39,0.39,0.465,0.465,0.375,0.345,0.4,0.34,0.41,0.365,0.365,0.41,0.42,0.44,0.43,0.45,0.465,0.48,0.48,0.475,0.465,0.475,0.475,0.5,0.52,0.505,0.49,0.49,0.5,0.485,0.51,0.585,0.525,0.525,0.56,0.54,0.56,0.335,0.35,0.365,0.36,0.37,0.39,0.43,0.415,0.425,0.425,0.4,0.445,0.43,0.455,0.4,0.455,0.46,0.46,0.46,0.45,0.455,0.47,0.45,0.46,0.49,0.48,0.51,0.48,0.475,0.5,0.485,0.495,0.5,0.5,0.5,0.505,0.5,0.515,0.46,0.51,0.505,0.475,0.57,0.565,0.535,0.535,0.525,0.6,0.39,0.4,0.46,0.415,0.43,0.44,0.45,0.445,0.46,0.45,0.47,0.45,0.475,0.465,0.47,0.475,0.465,0.475,0.48,0.485,0.495,0.48,0.5,0.51,0.53,0.505,0.54,0.54,0.53,0.525,0.55,0.56,0.58,0.55,0.575,0.57,0.625,0.63,0.365,0.365,0.41,0.42,0.445,0.405,0.445,0.45,0.46,0.42,0.48,0.445,0.465,0.465,0.465,0.455,0.475,0.47,0.475,0.475,0.475,0.5,0.475,0.505,0.515,0.48,0.485,0.5,0.495,0.505,0.59,0.51,0.525,0.52,0.495,0.515,0.53,0.53,0.505,0.565,0.545,0.57,0.55,0.575,0.6,0.58,0.565,0.57,0.61,0.65,0.365,0.38,0.38,0.41,0.43,0.43,0.435,0.46,0.435,0.465,0.46,0.455,0.485,0.485,0.515,0.485,0.435,0.5,0.49,0.505,0.515,0.515,0.505,0.545,0.5,0.54,0.515,0.5,0.55,0.375,0.44,0.45,0.47,0.465,0.435,0.435,0.445,0.435,0.46,0.475,0.48,0.455,0.48,0.47,0.505,0.465,0.485,0.475,0.485,0.515,0.54,0.48,0.48,0.485,0.5,0.49,0.49,0.505,0.51,0.51,0.48,0.495,0.51,0.505,0.505,0.535,0.505,0.52,0.55,0.54,0.51,0.51,0.565,0.55,0.535,0.545,0.57,0.54,0.525,0.565,0.56,0.565,0.565,0.27,0.355,0.425,0.415,0.385,0.38,0.43,0.475,0.455,0.475,0.475,0.52,0.515,0.53,0.535,0.55,0.545,0.55,0.4,0.425,0.445,0.44,0.465,0.43,0.45,0.5,0.47,0.465,0.455,0.46,0.46,0.47,0.495,0.495,0.445,0.52,0.47,0.485,0.52,0.505,0.48,0.515,0.485,0.51,0.52,0.51,0.51,0.515,0.525,0.535,0.5,0.53,0.51,0.575,0.535,0.575,0.57,0.55,0.43,0.405,0.47,0.41,0.435,0.45,0.515,0.305,0.355,0.38,0.38,0.42,0.385,0.42,0.43,0.44,0.435,0.485,0.47,0.43,0.49,0.525,0.54,0.57,0.5,0.575,0.555,0.39,0.385,0.31,0.385,0.55,0.29,0.38,0.35,0.21,0.4,0.41,0.33,0.425,0.455,0.465,0.36,0.325,0.585,0.3,0.51,0.565,0.565,0.47,0.45,0.275,0.5,0.45,0.45,0.48,0.47,0.42,0.4,0.37,0.485,0.55,0.515,0.49,0.225,0.525,0.465,0.495,0.325,0.35,0.415,0.375,0.46,0.525,0.455,0.425,0.39,0.4,0.445,0.45,0.435,0.36,0.32,0.38,0.325,0.365,0.455,0.46,0.5,0.465,0.455,0.51,0.575,0.51,0.48,0.445,0.475,0.41,0.52,0.48,0.475,0.385,0.395,0.305,0.475,0.3,0.415,0.45,0.405,0.425,0.455,0.415,0.5,0.375,0.35,0.475,0.385,0.395,0.535,0.305,0.425,0.42,0.63,0.48,0.47,0.565,0.43,0.36,0.435,0.56,0.485,0.525,0.44,0.525,0.47,0.505,0.595,0.325,0.405,0.34,0+ .265,0.39,0.345,0.345,0.365,0.35,0.43,0.415,0.46,0.5,0.375,0.38,0.35,0.36,0.365,0.315,0.385,0.5,0.485,0.515,0.38,0.4,0.255,0.335,0.435,0.265,0.285,0.33,0.47,0.385,0.405,0.275,0.47,0.455,0.355,0.44,0.425,0.415,0.4,0.51,0.395,0.38,0.4,0.39,0.26,0.35,0.375,0.44,0.475,0.5,0.485,0.49,0.5,0.545,0.555,0.55,0.55,0.53,0.525,0.57,0.35,0.35,0.42,0.405,0.425,0.425,0.445,0.435,0.445,0.45,0.47,0.465,0.465,0.46,0.46,0.485,0.5,0.51,0.485,0.475,0.49,0.49,0.495,0.495,0.495,0.495,0.5,0.545,0.55,0.575,0.56,0.43,0.4,0.44,0.45,0.43,0.48,0.45,0.435,0.46,0.465,0.48,0.475,0.47,0.49,0.52,0.535,0.49,0.505,0.55,0.53,0.575,0.395,0.415,0.44,0.445,0.445,0.435,0.465,0.425,0.455,0.45,0.46,0.465,0.48,0.475,0.495,0.505,0.525,0.525,0.54,0.43,0.42,0.415,0.425,0.445,0.455,0.48,0.485,0.51,0.49,0.49,0.525,0.515,0.515,0.565,0.55,0.565,0.35,0.445,0.435,0.425,0.45,0.45,0.44,0.48,0.45,0.495,0.47,0.475,0.515,0.495,0.475,0.5,0.49,0.48,0.485,0.485,0.5,0.485,0.52,0.565,0.5,0.515,0.525,0.525,0.51,0.525,0.505,0.38,0.37,0.41,0.4,0.44,0.43,0.5,0.49,0.51,0.525,0.505,0.515,0.615,0.47,0.435,0.46,0.45,0.495,0.515,0.505,0.49,0.485,0.5,0.49,0.455,0.53,0.52,0.56,0.535,0.555,0.55,0.575,0.43,0.395,0.43,0.36,0.4,0.4,0.425,0.45,0.485,0.495,0.49,0.53,0.39,0.48,0.5,0.53,0.54,0.505,0.5,0.375,0.35,0.255,0.22,0.44,0.475,0.41,0.54,0.465,0.405,0.38,0.41,0.295,0.545,0.415,0.36,0.385,0.405,0.47,0.405,0.38,0.405,0.3,0.485,0.505,0.53,0.48,0.46,0.42,0.495,0.485,0.505,0.32,0.35,0.505,0.48,0.485,0.54,0.51,0.555,0.55,0.495,0.35,0.35,0.48,0.435,0.52,0.485,0.5,0.385,0.335,0.465,0.475,0.375,0.405,0.39,0.53,0.475,0.475,0.57,0.51,0.475,0.395,0.375,0.5,0.485,0.5,0.5,0.525,0.575,0.45,0.435,0.325,0.485,0.38,0.41,0.555,0.425,0.37,0.3,0.435,0.305,0.34,0.325,0.35,0.525,0.475,0.39,0.365,0.38,0.38,0.405,0.36,0.44,0.375,0.33,0.225,0.35,0.45,0.375,0.35,0.37,0.465,0.48,0.475,0.475,0.545,0.355,0.4,0.39,0.44,0.44,0.42,0.46,0.48,0.495,0.47,0.495,0.47,0.48,0.52,0.585,0.58,0.475,0.42,0.43,0.45,0.47,0.49,0.51,0.5,0.475,0.52,0.54,0.5,0.525,0.575,0.56,0.545,0.37,0.45,0.42,0.475,0.465,0.46,0.465,0.47,0.475,0.475,0.485,0.48,0.475,0.5,0.52,0.475,0.53,0.5,0.375,0.405,0.465,0.49,0.5,0.5,0.455,0.5,0.525,0.565,0.425,0.41,0.42,0.465,0.44,0.46,0.45,0.5,0.49,0.495,0.485,0.505,0.52,0.51,0.53,0.54,0.51,0.54,0.535,0.53,0.53,0.56,0.32,0.365,0.415,0.42,0.505,0.525,0.5,0.525,0.525,0.555,0.44,0.43,0.46,0.42,0.5,0.475,0.51,0.505,0.495,0.52,0.525,0.54,0.535,0.56,0.365,0.375,0.49,0.48,0.455,0.52,0.555,0.42,0.365,0.35,0.41,0.475,0.535,0.295,0.465,0.4,0.45,0.44,0.465,0.475,0.5,0.43,0.39,0.34,0.385,0.36,0.4,0.41,0.5,0.49,0.455,0.545,0.375,0.44,0.45,0.46,0.4,0.5,0.5,0.46,0.43,0.375,0.41,0.49,0.4,0.35,0.515,0.535,0.37,0.4,0.275,0.44,0.4,0.4,0.415,0.425,0.39,0.395,0.44,0.5,0.55,0.575,0.41,0.45,0.525,0.545,0.52,0.43,0.46,0.465,0.525,0.55,0.58,0.45,0.46,0.46,0.425,0.495,0.485,0.5,0.5,0.535,0.56,0.515,0.49,0.48,0.49,0.485,0.5,0.495,0.52,0.51,0.545,0.565,0.59,0.42,0.45,0.465,0.505,0.455,0.5,0.495,0.495,0.535,0.505,0.5,0.44,0.475,0.455,0.4,0.45,0.485),
+   x_h = c(0.135,0.15,0.125,0.15,0.14,0.145,0.1,0.1,0.155,0.135,0.165,0.14,0.185,0.165,0.175,0.2,0.155,0.105,0.135,0.105,0.135,0.12,0.16,0.12,0.14,0.125,0.13,0.16,0.185,0.12,0.11,0.17,0.195,0.15,0.15,0.14,0.17,0.14,0.165,0.18,0.13,0.16,0.165,0.125,0.155,0.165,0.125,0.135,0.105,0.125,0.115,0.135,0.15,0.105,0.14,0.125,0.09,0.115,0.08,0.11,0.155,0.145,0.125,0.185,0.19,0.16,0.135,0.19,0.17,0.165,0.16,0.21,0.23,0.175,0.205,0.175,0.145,0.115,0.16,0.175,0.2,0.15,0.185,0.16,0.17,0.14,0.15,0.12,0.145,0.17,0.14,0.17,0.145,0.105,0.16,0.13,0.125,0.145,0.15,0.15,0.135,0.125,0.165,0.16,0.155,0.185,0.17,0.16,0.155,0.125,0.13,0.125,0.215,0.185,0.135,0.185,0.12,0.17,0.155,0.16,0.21,0.175,0.095,0.175,0.13,0.19,0.2,0.19,0.155,0.12,0.195,0.195,0.205,0.18,0.155,0.16,0.185,0.17,0.19,0.18,0.15,0.175,0.15,0.175,0.12,0.215,0.165,0.195,0.2,0.17,0.195,0.16,0.185,0.105,0.125,0.14,0.12,0.11,0.14,0.15,0.12,0.17,0.14,0.17,0.155,0.165,0.135,0.165,0.125,0.17,0.175,0.14,0.105,0.19,0.15,0.16,0.195,0.155,0.175,0.175,0.135,0.17,0.19,0.21,0.135,0.12,0.12,0.16,0.115,0.185,0.15,0.14,0.15,0.165,0.155,0.15,0.175,0.165,0.155,0.18,0.225,0.225,0.19,0.19,0.14,0.145,0.07,0.09,0.09,0.155,0.16,0.13,0.11,0.115,0.14,0.115,0.105,0.16,0.165,0.17,0.105,0.115,0.15,0.13,0.115,0.155,0.14,0.14,0.175,0.175,0.175,0.19,0.1,0.145,0.12,0.115,0.18,0.14,0.195,0.11,0.1,0.17,0.14,0.115,0.105,0.16,0.095,0.095,0.12,0.13,0.16,0.125,0.11,0.165,0.17,0.185,0.13,0.105,0.095,0.15,0.145,0.155,0.165,0.15,0.18,0.115,0.165,0.1,0.115,0.15,0.125,0.115,0.12,0.105,0.135,0.105,0.09,0.11,0.105,0.12,0.125,0.09,0.15,0.14,0.13,0.2,0.105,0.17,0.165,0.19,0.155,0.135,0.145,0.13,0.155,0.17,0.165,0.145,0.13,0.16,0.165,0.16,0.135,0.11,0.125,0.13,0.115,0.13,0.135,0.125,0.14,0.135,0.125,0.15,0.14,0.15,0.16,0.16,0.14,0.155,0.175,0.175,0.15,0.16,0.155,0.2,0.15,0.165,0.165,0.16,0.17,0.155,0.195,0.16,0.22,0.11,0.125,0.12,0.12,0.115,0.13,0.14,0.14,0.13,0.15,0.135,0.155,0.14,0.16,0.13,0.15,0.16,0.15,0.18,0.145,0.145,0.155,0.15,0.14,0.15,0.16,0.18,0.17,0.175,0.165,0.2,0.165,0.17,0.175,0.155,0.165,0.16,0.15,0.16,0.175,0.185,0.18,0.225,0.195,0.175,0.18,0.185,0.22,0.125,0.125,0.15,0.135,0.15,0.155,0.175,0.145,0.145,0.16,0.165,0.155,0.16,0.15,0.165,0.165,0.15,0.155,0.16,0.175,0.015,0.17,0.19,0.175,0.185,0.205,0.215,0.155,0.17,0.19,0.17,0.18,0.195,0.2,0.185,0.21,0.21,0.215,0.115,0.125,0.13,0.145,0.15,0.125,0.155,0.145,0.135,0.135,0.165,0.15,0.15,0.155,0.155,0.145,0.175,0.16,0.155,0.165,0.155,0.15,0.16,0.175,0.16,0.155,0.17,0.165,0.175,0.165,0.22,0.17,0.19,0.19,0.21,0.17,0.18,0.225,0.175,0.19,0.13,0.18,0.17,0.17,0.2,0.19,0.205,0.215,0.235,0.25,0.115,0.12,0.135,0.14,0.14,0.15,0.15,0.175,0.14,0.15,0.145,0.16,0.165,0.16,0.17,0.17,0.155,0.175,0.225,0.145,0.205,0.175,0.165,0.175,0.16,0.215,0.18,0.185,0.17,0.11,0.15,0.135,0.155,0.195,0.15,0.15,0.14,0.15,0.155,0.15,0.18,0.145,0.14,0.155,0.18,0.16,0.15,0.16,0.18,0.155,0.165,0.18,0.175,0.175,0.18,0.175,0.17,0.165,0.16,0.19,0.19,0.155,0.15,0.19,0.195,0.175,0.16,0.19,0.155,0.195,0.195,0.2,0.175,0.2,0.175,0.17,0.195,0.205,0.18,0.21,0.19,0.205,0.215,0.135,0.16,0.135,0.2,0.15,0.165,0.17,0.15,0.145,0.15,0.14,0.2,0.185,0.175,0.175,0.185,0.18,0.195,0.12,0.16,0.125,0.12,0.175,0.155,0.195,0.165,0.135,0.16,0.145,0.145,0.155,0.165,0.16,0.17,0.16,0.18,0.145,0.165,0.165,0.155,0.145,0.165,0.185,0.18,0.21,0.155,0.185,0.18,0.175,0.205,0.15,0.205,0.185,0.205,0.22,0.18,0.205,0.195,0.15,0.13,0.15,0.16,0.15,0.14,0.18,0.16,1.13,0.14,0.14,0.13,0.14,0.13,0.16,0.135,0.15,0.15,0.19,0.14,0.16,0.21,0.195,0.185,0.15,0.215,0.18,0.115,0.115,0.115,0.125,0.18,0.08,0.12,0.12,0.075,0.125,0.125,0.115,0.125,0.175,0.18,0.125,0.115,0.19,0.115,0.2,0.24,0.195,0.15,0.16,0.085,0.17,0.17,0.235,0.2,0.25,0.165,0.125,0.14,0.165,0.2,0.195,0.215,0.075,0.215,0.18,0.235,0.12,0.14,0.13,0.145,0.145,0.195,0.18,0.145,0.175,0.165,0.18,0.165,0.185,0.115,0.12,0.135,0.11,0.12,0.165,0.17,0.2,0.16,0.16,0.15,0.215,0.175,0.175,0.175,0.18,0.17,0.15,0.23,0.18,0.13,0.15,0.105,0.155,0.09,0.145,0.135,0.13,0.15,0.12,0.135,0.165,0.135,0.11,0.135,0.135,0.145,0.19,0.105,0.145,0.135,0.195,0.175,0.17,0.195,0.125,0.105,0.17,0.175,0.21,0.2,0.175,0.205,0.2,0.165+ ,0.225,0.11,0.15,0.11,0.09,0.135,0.105,0.115,0.14,0.125,0.17,0.155,0.185,0.15,0.115,0.145,0.13,0.12,0.13,0.11,0.125,0.18,0.165,0.18,0.135,0.17,0.1,0.14,0.17,0.09,0.105,0.125,0.17,0.13,0.14,0.08,0.175,0.165,0.18,0.155,0.145,0.175,0.145,0.185,0.165,0.145,0.13,0.125,0.08,0.135,0.12,0.15,0.135,0.155,0.165,0.155,0.18,0.165,0.205,0.175,0.18,0.2,0.19,0.165,0.12,0.115,0.17,0.15,0.125,0.14,0.15,0.14,0.145,0.16,0.155,0.15,0.15,0.145,0.15,0.16,0.165,0.175,0.175,0.16,0.165,0.175,0.2,0.145,0.18,0.195,0.185,0.205,0.155,0.205,0.205,0.14,0.14,0.135,0.18,0.16,0.15,0.15,0.14,0.16,0.15,0.15,0.17,0.155,0.155,0.18,0.175,0.155,0.165,0.19,0.19,0.22,0.135,0.15,0.15,0.175,0.155,0.155,0.145,0.15,0.13,0.13,0.15,0.14,0.165,0.155,0.17,0.19,0.2,0.17,0.205,0.135,0.14,0.15,0.13,0.135,0.15,0.17,0.16,0.185,0.16,0.16,0.19,0.155,0.17,0.18,0.18,0.17,0.11,0.125,0.14,0.15,0.17,0.15,0.125,0.17,0.15,0.17,0.195,0.175,0.135,0.165,0.15,0.16,0.145,0.165,0.185,0.19,0.19,0.15,0.17,0.2,0.205,0.2,0.16,0.18,0.175,0.19,0.17,0.13,0.21,0.135,0.15,0.14,0.21,0.17,0.11,0.17,0.18,0.175,0.17,0.205,0.14,0.155,0.16,0.14,0.16,0.155,0.165,0.155,0.145,0.15,0.16,0.17,0.18,0.185,0.195,0.2,0.22,0.205,0.2,0.15,0.115,0.15,0.1,0.135,0.13,0.14,0.135,0.155,0.19,0.17,0.17,0.1,0.2,0.18,0.195,0.215,0.165,0.175,0.105,0.09,0.085,0.07,0.125,0.19,0.115,0.175,0.155,0.18,0.13,0.135,0.1,0.175,0.15,0.11,0.135,0.115,0.16,0.175,0.155,0.16,0.1,0.22,0.185,0.185,0.165,0.17,0.14,0.16,0.175,0.19,0.13,0.135,0.19,0.19,0.205,0.185,0.16,0.205,0.16,0.19,0.125,0.105,0.15,0.125,0.19,0.145,0.14,0.135,0.115,0.145,0.13,0.14,0.14,0.14,0.19,0.165,0.155,0.185,0.175,0.145,0.12,0.15,0.16,0.165,0.175,0.205,0.19,0.175,0.185,0.14,0.135,0.165,0.135,0.15,0.2,0.155,0.13,0.105,0.15,0.125,0.18,0.135,0.125,0.175,0.185,0.135,0.11,0.145,0.13,0.145,0.11,0.175,0.125,0.15,0.07,0.115,0.165,0.15,0.115,0.105,0.16,0.18,0.165,0.15,0.185,0.115,0.115,0.12,0.125,0.145,0.11,0.165,0.16,0.175,0.16,0.16,0.17,0.195,0.165,0.23,0.185,0.16,0.14,0.135,0.145,0.165,0.19,0.18,0.165,0.175,0.175,0.175,0.175,0.19,0.2,0.175,0.185,0.12,0.175,0.16,0.16,0.165,0.165,0.145,0.17,0.155,0.17,0.145,0.165,0.16,0.175,0.195,0.165,0.165,0.155,0.11,0.12,0.17,0.17,0.17,0.17,0.17,0.175,0.195,0.225,0.14,0.125,0.155,0.145,0.135,0.155,0.165,0.16,0.15,0.165,0.135,0.195,0.195,0.175,0.17,0.195,0.155,0.2,0.185,0.195,0.17,0.185,0.115,0.15,0.18,0.19,0.17,0.165,0.17,0.195,0.205,0.195,0.14,0.145,0.15,0.155,0.175,0.15,0.155,0.175,0.175,0.175,0.18,0.21,0.175,0.17,0.115,0.135,0.17,0.175,0.135,0.185,0.17,0.175,0.115,0.1,0.145,0.145,0.22,0.11,0.155,0.155,0.165,0.19,0.15,0.175,0.18,0.165,0.13,0.135,0.16,0.11,0.115,0.15,0.225,0.17,0.13,0.16,0.12,0.155,0.1,0.18,0.15,0.18,0.165,0.15,0.125,0.125,0.16,0.19,0.165,0.115,0.215,0.185,0.115,0.115,0.065,0.16,0.115,0.165,0.15,0.13,0.11,0.14,0.155,0.18,0.19,0.195,0.115,0.125,0.17,0.185,0.195,0.14,0.15,0.14,0.175,0.175,0.195,0.12,0.165,0.135,0.155,0.16,0.165,0.18,0.15,0.185,0.185,0.16,0.18,0.17,0.19,0.155,0.175,0.16,0.175,0.15,0.175,0.18,0.205,0.18,0.15,0.155,0.175,0.14,0.17,0.155,0.175,0.19,0.165,0.22,0.135,0.165,0.17,0.125,0.165,0.15),
+ 
+   x_whole = c(0.677,0.7775,0.768,0.8945,0.6065,0.6845,0.4755,0.451,0.9395,0.7635,1.1615,0.9285,0.9955,1.639,1.798,1.7095,1.217,0.5225,0.883,0.425,0.8515,0.4605,0.8355,0.4775,0.6615,0.583,0.6965,0.915,1.285,0.5305,0.353,1.247,1.098,1.0075,0.922,0.788,1.1025,0.941,0.9885,1.295,0.517,0.9775,1.262,0.5785,0.727,0.802,0.6675,0.6335,0.3635,0.6935,0.5915,0.6125,0.8825,0.4205,0.766,0.4035,0.1915,0.406,0.156,0.3555,0.826,0.741,0.549,1.1185,1.3715,1.0565,0.9885,0.994,0.9075,1.124,1.222,2.141,1.752,2.124,1.842,1.6185,0.775,0.776,1.0235,1.0165,1.5675,1.0525,1.383,1.199,0.9325,0.8145,0.644,0.4165,0.63,0.8155,0.482,0.8325,0.6345,0.38,0.66,0.32,0.455,0.5175,0.5755,0.485,0.45,0.3055,1.1015,0.783,1.0605,1.094,1.415,1.1015,0.928,0.865,0.639,0.4995,1.779,1.3485,0.712,0.8415,0.4495,0.879,0.6445,0.8105,1.2765,1.013,0.3485,0.892,0.472,1.2435,1.2255,1.242,0.8365,0.3185,1.974,1.0035,1.3475,0.568,0.746,0.756,1.153,0.8685,1.8085,1.768,0.997,1.4225,1.029,1.186,1.0735,1.719,1.566,1.7605,1.787,1.31,1.7345,1.077,1.1085,0.4925,0.5615,0.7155,0.5885,0.4335,0.6935,0.8425,0.9935,1.2385,1.0325,1.3135,1.005,1.5015,0.5785,1.0915,0.943,1.0475,0.9555,0.85,0.3635,0.714,0.8205,1.41,1.4385,0.9245,1.2915,1.221,0.7085,0.9915,1.3905,1.7445,0.7835,0.646,0.627,0.7715,0.421,1.8075,0.9955,0.908,1.2415,1.0595,1.2895,0.953,1.248,1.0105,1.0385,0.854,1.1835,1.115,1.129,1.1745,0.5185,0.6725,0.08,0.203,0.1885,0.733,0.9715,0.458,0.38,0.2705,0.604,0.415,0.257,0.795,1.1905,1.326,0.364,0.452,0.7335,0.5465,0.387,1.066,0.9535,1.133,0.982,1.3675,1.233,1.4635,0.363,0.8285,0.3095,0.25,1.514,0.7135,0.981,0.286,0.265,0.4085,0.433,0.6785,0.498,0.658,0.322,0.2815,0.391,0.5735,0.9,0.447,0.2305,0.97,1.14,0.9585,0.3675,0.281,0.2245,0.605,0.5425,0.655,0.8115,0.7865,0.64,0.5945,0.8165,0.2225,0.3915,0.8045,0.927,0.3865,0.444,0.3515,0.536,0.4525,0.207,0.5005,0.525,0.6515,0.6435,0.2065,0.7365,0.8175,1.001,1.676,0.612,1.122,1.1365,1.437,0.946,0.959,1.153,1.1325,0.785,0.949,0.9805,0.537,0.5755,0.644,0.8875,0.8935,0.556,0.3665,0.759,0.4195,0.807,0.6835,0.6395,0.7555,0.805,0.9185,0.923,0.875,0.958,1.11,1.2095,1.1405,1.113,1.21,1.382,1.377,1.3435,1.3725,1.2085,1.3825,1.376,1.2945,1.486,1.309,1.8095,1.4785,1.7775,1.6675,1.834,0.4355,0.482,0.582,0.5915,0.4785,0.674,0.834,0.724,0.7585,0.8495,0.8215,0.9905,0.8105,0.967,0.6975,1.107,1.103,1.1155,1.0515,1.137,1.063,1.121,1.114,1.0045,1.1345,1.2525,1.3315,1.3525,1.1435,1.288,1.38,1.3075,1.5175,1.394,1.2205,1.4325,1.2465,1.212,1.494,1.6525,1.528,1.3695,1.587,1.8375,1.8385,1.685,1.56,2.555,0.5445,0.545,1.019,0.8145,0.84,0.6405,1.0095,0.8775,0.9945,1.068,0.869,0.93,1.0265,1.1025,1.1775,1.056,0.923,1.027,1.1125,1.3745,1.1565,1.1345,1.464,1.415,1.346,1.3645,1.7025,1.454,1.5535,1.6465,1.219,1.652,2.103,1.9965,1.8795,2.236,2.505,2.657,0.4305,0.4785,0.7145,0.8655,0.8,0.651,1.224,0.8495,0.9795,0.857,1.078,0.858,0.98,1.026,1.04,0.8895,1.076,1.0835,1.004,1.023,1.115,1.293,1.1295,1.15,1.264,1.2035,1.3205,1.4595,1.211,1.16,1.662,1.567,1.3595,1.4545,1.548,1.337,1.491,1.5615,1.0145,1.7635,1.556,1.5345,1.614,1.9335,1.737,1.7375,2.1275,2.25,2.5085,2.255,0.566,0.573,0.6855,0.7405,0.84,0.8745,0.8715,1.165,0.953,1.151,0.9905,1.04,0.9515,1.201,1.289,1.1005,1.012,1.1105,1.336,1.1345,1.5335,1.546,1.318,1.5245,1.3825,1.5555,1.389,1.741,1.684,0.6065,0.863,0.7805,1.116,0.9965,1.0305,0.834,0.913,0.9,0.9735,1.13,1.0645,0.9775,0.991,0.974,1.434,1.0725,1.2405,1.1155,1.2795,1.3255,1.139,1.2215,1.0405,1.362,1.1965,1.2435,1.2615,1.2235,1.2415,1.363,1.371,1.337,1.043,1.3485,1.4405,1.5175,1.2915,1.32,1.566,1.619,1.382,1.6075,1.638,1.569,1.773,1.58,1.9805,1.5805,1.445,2.1425,1.9425,2.119,1.938,0.597,0.8795,0.771,1.358,1.1185,1.205,1.48,1.1135,1.1155,1.1845,1.0725,1.5475,1.3405,1.4465,1.5845,1.679,1.5395,2.073,0.7005,0.9455,0.8305,0.803,1.099,0.7955,0.8265,0.925,0.97,1.133,0.862,1.1185,0.957,1.1785,1.255,1.062,1.09,1.354,0.984,1.2695,1.3405,1.2895,1.1145,1.3115,1.4195,1.6195,1.5535,1.189,1.375,1.412,1.348,1.4415,1.2475,1.4015,1.473,1.773,1.866,1.6705,1.6195,1.8325,0.741,0.6355,0.9205,0.8215,0.8295,0.837,1.3485,0.368,0.594,0.689,0.6355,0.699,0.7655,0.7505,0.844,0.83,0.839,1.079,1.1345,0.909,1.05+ 6,1.644,1.2525,1.761,1.3165,2.1,1.6895,0.66,0.616,0.3465,0.5395,1.6885,0.282,0.608,0.4585,0.275,0.5765,0.6985,0.4005,0.932,0.966,0.9995,0.5065,0.3455,1.966,0.3025,1.3905,2.1995,1.817,0.897,1.136,0.2405,1.1845,1.098,1.071,0.975,1.283,1.0595,0.6865,0.585,1.0405,1.596,1.4005,1.406,0.14,1.5765,1.2125,1.366,0.445,0.5725,0.764,0.5885,0.7875,1.352,0.958,0.797,0.692,0.729,0.903,0.903,1.106,0.4755,0.3785,0.486,0.3105,0.543,0.998,1.1,1.4285,1.1005,0.9215,1.456,2.226,1.2125,1.0675,0.8525,1.162,0.8705,1.406,1.0935,1.1805,0.6905,0.7145,0.3315,0.974,0.3215,0.8045,0.8075,0.6375,0.813,0.94,0.775,1.1445,0.6,0.384,0.925,0.6185,0.6515,1.496,0.3605,0.7995,0.6295,2.526,0.957,0.9,1.7265,0.8025,0.4715,0.631,1.7265,1.3445,1.449,0.7745,1.3665,1.031,1.065,1.969,0.3575,0.5965,0.382,0.2165,0.6005,0.4285,0.496,0.6195,0.4485,0.775,0.6985,1.017,1.0705,0.5895,0.651,0.494,0.4765,0.4805,0.321,0.6695,1.312,1.087,1.523,0.579,0.796,0.197,0.4565,0.884,0.1855,0.27,0.463,1.099,0.768,0.6915,0.227,1.2985,1.161,0.441,0.742,0.7,0.8975,0.6635,1.235,0.7565,0.57,0.6245,0.6905,0.2,0.6265,0.6015,0.983,1.4405,1.332,1.1405,1.33,1.4995,1.6225,1.925,1.689,1.659,2.0475,1.6015,2.0165,0.4555,0.46,0.828,0.889,0.964,0.963,0.995,0.8585,0.888,0.9045,1.1775,1.0765,1.0255,0.9325,1.235,1.1575,1.327,1.2705,1.2155,1.3245,1.127,1.1075,1.4255,1.147,1.596,1.297,1.4415,1.933,1.8495,1.7975,2.381,0.832,0.778,0.8435,0.908,0.811,0.897,0.938,0.6955,1.0115,1.1005,1.079,1.055,1.084,1.115,1.285,1.2895,1.122,1.349,1.551,1.7315,2.012,0.516,0.7055,0.9475,1.1465,1.017,0.8975,0.9865,0.844,0.8755,0.8725,1.0265,1.1605,1.0125,1.0005,1.2265,1.4045,1.463,1.711,1.757,0.8435,0.8035,0.8115,0.782,0.95,0.976,1.1045,1.254,1.286,1.1665,1.144,1.385,1.309,1.527,1.719,1.52,1.613,0.4085,0.8725,0.745,0.8765,0.9705,0.92,0.7855,1.056,0.9625,1.0915,1.2735,1.194,1.1215,1.198,0.9545,1.217,0.92,1.2615,1.167,1.3765,1.29,1.151,1.197,1.6645,1.528,1.494,1.277,1.5965,1.3805,1.527,1.3435,0.693,1.183,0.7905,1.224,1.007,1.5245,1.148,1.136,1.2235,1.3695,1.2905,1.4265,2.2635,0.871,0.8785,0.921,0.869,1.089,1.1635,1.251,1.145,1.1335,1.2015,1.204,1.2895,1.5175,1.494,1.664,1.5855,1.666,1.908,2.073,0.728,0.5685,0.655,0.4705,0.714,0.6995,0.952,0.8285,1.1945,1.1655,1.2155,1.5105,0.5565,1.3235,1.2785,1.8745,1.978,1.367,1.742,0.513,0.397,0.204,0.17,0.765,1.151,0.6765,1.571,0.872,0.606,0.539,0.657,0.2685,1.707,0.8805,0.4965,0.632,0.72,1.017,0.98,0.578,0.6835,0.2725,1.511,1.3035,1.3955,1.1345,1.0835,0.868,1.0915,1.271,1.2355,0.4135,0.56,1.2765,1.2955,1.2315,1.5715,1.092,1.8165,1.6365,1.213,0.459,0.4195,0.8745,0.8775,1.3105,1.2515,1.1705,0.6625,0.4335,1.107,0.8595,0.501,0.6735,0.5555,1.428,1.0385,0.9715,1.522,1.1255,1.0185,0.6175,0.597,1.22,1.0735,1.146,1.1055,1.67,1.555,0.9285,0.8085,0.438,1.166,0.507,0.6345,1.4685,0.7765,0.5885,0.3375,0.6855,0.314,0.7005,0.382,0.4435,1.71,0.8575,0.59,0.385,0.59,0.584,0.829,0.4385,1.073,0.588,0.5325,0.1485,0.487,1.2225,0.559,0.44,0.5265,1.0315,1.2495,1.148,1.172,1.5055,0.4705,0.569,0.5725,0.7115,0.8815,0.931,1.065,1.234,1.2635,1.0745,1.1115,1.255,1.1435,1.6885,2.0725,1.523,1.1155,0.627,0.812,0.9835,1.0155,1.1345,1.233,1.1635,1.1545,1.3345,1.5585,1.3275,1.492,1.7365,1.6605,1.7185,0.594,1.2365,0.8875,0.895,0.9355,1.058,0.7955,1.0805,1.059,1.088,0.776,1.043,1.3335,1.273,1.6275,1.3875,1.2835,1.3765,0.5805,0.913,1.0425,1.3475,1.12,1.2645,1.275,1.4355,1.42,2.037,0.8735,0.654,1.034,0.9855,0.964,1.0455,1.081,1.122,1.1345,1.0835,1.3025,1.306,1.281,1.35,1.431,1.764,1.278,1.46,1.5575,1.4985,1.564,1.792,0.6475,0.9145,1.1655,1.764,1.2635,1.238,1.4045,1.37,1.8185,1.7525,0.846,0.898,0.927,0.9845,1.107,1.072,1.129,1.2075,1.227,1.472,1.5785,1.593,1.361,1.4575,0.5885,0.5375,1.137,1.1685,1.059,1.541,1.47,0.754,0.4485,0.4425,0.8255,0.9525,1.604,0.3005,0.9685,0.731,0.9765,1.018,1.082,1.423,1.4155,0.717,0.6355,0.3975,0.656,0.447,0.578,0.708,1.626,1.1775,1.058,1.5415,0.4915,0.9705,0.9315,0.97,0.8085,1.053,1.1765,0.8765,0.813,0.458,0.712,1.3065,0.7105,0.487,1.498,1.597,0.541,0.541,0.205,1.0905,0.6295,0.772,0.7155,0.717,0.6355,0.686,1.016,1.438,1.807,2.1505,0.7745,0.874,1.37,1.759,1.8065,0.7545,1.0035,1.011,1.382,1.473,1.658,0.9585,0.+ 9575,0.926,0.873,1.234,1.2255,1.2565,1.159,1.826,1.7715,1.336,1.36,1.1,1.7015,1.073,1.477,1.3105,1.494,1.1965,1.907,1.79,1.7495,1.6645,0.9645,1.1,1.3185,0.914,1.13,1.0805,1.2355,1.2395,1.357,1.359,0.8025,1.053,0.9945,0.615,0.887,1.0945),
+   x_shucked = c(0.2565,0.237,0.294,0.3145,0.194,0.2725,0.1675,0.188,0.4275,0.318,0.513,0.3825,0.3945,0.6055,0.815,0.633,0.5305,0.237,0.381,0.1865,0.362,0.1775,0.3545,0.2105,0.2565,0.246,0.302,0.354,0.416,0.2135,0.1405,0.48,0.481,0.4425,0.363,0.282,0.4695,0.3845,0.396,0.339,0.2205,0.3135,0.507,0.2775,0.291,0.2935,0.261,0.231,0.136,0.2975,0.233,0.2555,0.3465,0.163,0.304,0.175,0.085,0.1635,0.0675,0.151,0.341,0.295,0.245,0.469,0.5065,0.37,0.387,0.392,0.374,0.2985,0.53,0.65,0.5605,0.765,0.625,0.5125,0.308,0.32,0.429,0.4355,0.621,0.392,0.54,0.5265,0.365,0.459,0.285,0.1655,0.234,0.2985,0.186,0.2755,0.1995,0.1595,0.2475,0.1305,0.1785,0.187,0.22,0.181,0.1715,0.121,0.404,0.2935,0.5135,0.4485,0.605,0.4775,0.394,0.3675,0.3,0.2035,0.4535,0.493,0.2665,0.314,0.177,0.295,0.242,0.3155,0.501,0.342,0.1455,0.322,0.182,0.4635,0.381,0.576,0.315,0.134,0.598,0.406,0.4775,0.2325,0.3005,0.2745,0.536,0.3325,0.7035,0.7495,0.392,0.61,0.4085,0.4985,0.479,0.68,0.6645,0.692,0.585,0.5095,0.6845,0.4995,0.3705,0.216,0.252,0.3165,0.27,0.178,0.3115,0.3685,0.4625,0.528,0.3605,0.5595,0.367,0.518,0.2465,0.3935,0.344,0.3775,0.38,0.275,0.159,0.283,0.365,0.592,0.581,0.405,0.57,0.51,0.293,0.3865,0.5425,0.5975,0.313,0.2895,0.2645,0.272,0.1565,0.7055,0.429,0.381,0.5235,0.44,0.5345,0.3445,0.4245,0.435,0.427,0.3665,0.378,0.378,0.4385,0.4385,0.221,0.249,0.031,0.078,0.0845,0.282,0.3965,0.192,0.1695,0.093,0.242,0.1585,0.099,0.3605,0.4585,0.519,0.148,0.1715,0.2795,0.2005,0.165,0.382,0.3785,0.5275,0.4055,0.5015,0.5565,0.6615,0.1735,0.3095,0.138,0.111,0.526,0.2565,0.305,0.1225,0.1075,0.15,0.1525,0.2945,0.1795,0.2655,0.1205,0.1255,0.1555,0.219,0.358,0.1695,0.0945,0.336,0.4305,0.4145,0.146,0.1045,0.078,0.2155,0.1765,0.2405,0.24,0.241,0.158,0.185,0.25,0.093,0.154,0.3345,0.26,0.1475,0.155,0.1185,0.1895,0.18,0.0775,0.161,0.2185,0.261,0.2415,0.078,0.2785,0.2795,0.34,0.673,0.187,0.347,0.369,0.469,0.313,0.2385,0.403,0.3825,0.289,0.3485,0.3155,0.1725,0.1975,0.2475,0.309,0.3145,0.1925,0.125,0.2125,0.153,0.2855,0.165,0.2945,0.3355,0.369,0.429,0.4035,0.362,0.442,0.498,0.5225,0.547,0.5175,0.653,0.609,0.5585,0.629,0.6285,0.465,0.5895,0.6495,0.668,0.7595,0.5445,0.784,0.628,0.861,0.833,0.8455,0.2025,0.23,0.29,0.3245,0.1995,0.3165,0.367,0.3475,0.325,0.328,0.3935,0.544,0.368,0.4525,0.3075,0.54,0.538,0.5575,0.4095,0.5585,0.5155,0.4515,0.5865,0.4655,0.5265,0.585,0.594,0.6235,0.4755,0.573,0.5845,0.599,0.693,0.4935,0.6145,0.684,0.5475,0.515,0.6895,0.8515,0.69,0.641,0.739,0.7645,0.8035,0.693,0.6655,1.1335,0.246,0.261,0.523,0.427,0.395,0.336,0.447,0.412,0.466,0.556,0.435,0.385,0.485,0.5455,0.611,0.433,0.4615,0.447,0.5635,0.7335,0.5115,0.528,0.6415,0.5885,0.546,0.6075,0.664,0.624,0.7945,0.8545,0.6395,0.735,1.0265,0.9035,0.931,1.109,1.1965,1.488,0.184,0.206,0.335,0.4315,0.3535,0.2965,0.5565,0.4215,0.397,0.461,0.511,0.4,0.4115,0.4645,0.4755,0.419,0.463,0.5405,0.4475,0.4905,0.484,0.596,0.463,0.5475,0.5715,0.5865,0.5945,0.705,0.707,0.4785,0.77,0.7245,0.564,0.6,0.724,0.615,0.6345,0.63,0.4375,0.7465,0.6725,0.96,0.743,0.913,0.697,0.6785,0.949,1.1565,1.232,0.8905,0.281,0.2655,0.361,0.3565,0.375,0.453,0.4755,0.65,0.475,0.613,0.453,0.452,0.4535,0.417,0.6,0.5125,0.477,0.467,0.6805,0.505,0.6635,0.7035,0.55,0.59,0.702,0.695,0.5945,0.7665,0.7535,0.3005,0.435,0.3345,0.509,0.417,0.4605,0.428,0.4305,0.4175,0.427,0.575,0.4495,0.468,0.4735,0.393,0.7285,0.4835,0.6025,0.3835,0.5735,0.6685,0.4995,0.582,0.464,0.6765,0.514,0.5805,0.5385,0.5215,0.5815,0.573,0.6925,0.615,0.4795,0.5935,0.688,0.711,0.631,0.5235,0.858,0.74,0.6045,0.714,0.7775,0.687,0.6805,0.6435,0.9925,0.802,0.631,1.03,0.799,0.9655,0.7735,0.272,0.3485,0.3765,0.567,0.5425,0.543,0.6535,0.5195,0.5045,0.533,0.4895,0.713,0.5595,0.6775,0.7175,0.805,0.6075,1.0715,0.347,0.3675,0.3135,0.382,0.4735,0.3485,0.4035,0.37,0.4655,0.466,0.334,0.478,0.4255,0.566,0.5815,0.372,0.46,0.4845,0.475,0.5635,0.5065,0.594,0.508,0.4945,0.6735,0.7815,0.616,0.483,0.531,0.6195,0.5855,0.5925,0.4625,0.643,0.6295,0.605,0.929,0.732,0.744,0.83,0.325,0.2635,0.381,0.342,0.3875,0.37,0.5255,0.173,0.332,0.3165,0.277,0.3125,0.3265,0.368,0.3945,0.393,0.3485,0.4145,0.492,0.438,0.493,0.818,0.73,0.747,0.6+ 835,0.8565,0.6555,0.3045,0.243,0.1475,0.2175,0.562,0.1405,0.2705,0.192,0.113,0.2395,0.2945,0.143,0.361,0.391,0.405,0.222,0.1405,0.8435,0.1335,0.61,0.7245,0.785,0.377,0.414,0.104,0.4805,0.414,0.3,0.358,0.462,0.358,0.295,0.243,0.419,0.525,0.5195,0.4265,0.0515,0.5115,0.3245,0.5065,0.165,0.1965,0.276,0.2385,0.3395,0.4505,0.296,0.297,0.267,0.2675,0.3575,0.3305,0.422,0.2105,0.152,0.1735,0.12,0.2295,0.345,0.4125,0.639,0.506,0.312,0.581,0.8955,0.5735,0.391,0.3465,0.511,0.3735,0.519,0.403,0.4345,0.3125,0.3235,0.1365,0.4305,0.1545,0.3325,0.322,0.277,0.385,0.399,0.302,0.485,0.2225,0.143,0.391,0.251,0.2695,0.5775,0.12,0.3345,0.2815,0.933,0.3885,0.355,0.638,0.313,0.2035,0.2765,0.637,0.535,0.601,0.2985,0.5005,0.392,0.4595,0.8045,0.145,0.253,0.154,0.096,0.2265,0.165,0.1905,0.2595,0.1585,0.35,0.3,0.3515,0.371,0.2635,0.2935,0.1945,0.192,0.1905,0.1255,0.289,0.529,0.4255,0.54,0.208,0.258,0.071,0.1785,0.2875,0.0745,0.1125,0.186,0.3975,0.2625,0.276,0.093,0.5135,0.38,0.1525,0.2025,0.207,0.275,0.21,0.5115,0.1905,0.167,0.215,0.219,0.0625,0.259,0.2765,0.4475,0.5885,0.6235,0.587,0.6675,0.593,0.6555,0.713,0.694,0.8715,0.75,0.707,1.0685,0.1945,0.2025,0.41,0.4055,0.5475,0.44,0.504,0.3905,0.41,0.405,0.542,0.491,0.412,0.3985,0.6025,0.5005,0.6,0.5415,0.545,0.6865,0.477,0.4485,0.659,0.5455,0.617,0.556,0.741,0.7855,0.767,0.7295,0.9915,0.4355,0.368,0.434,0.4015,0.3875,0.4235,0.467,0.3085,0.445,0.5415,0.4505,0.543,0.5885,0.484,0.5775,0.6095,0.545,0.5985,0.7105,0.83,0.8915,0.2015,0.329,0.366,0.551,0.5265,0.4115,0.47,0.3645,0.411,0.389,0.4935,0.6005,0.5325,0.452,0.49,0.6255,0.6525,0.8365,0.8265,0.4325,0.38,0.3875,0.3695,0.484,0.465,0.535,0.591,0.526,0.4935,0.5015,0.8875,0.524,0.8485,0.8465,0.637,0.723,0.165,0.417,0.347,0.455,0.4615,0.393,0.363,0.4575,0.4375,0.4365,0.469,0.559,0.545,0.5415,0.455,0.5725,0.437,0.5505,0.548,0.634,0.593,0.5935,0.526,0.753,0.6215,0.7255,0.4975,0.7765,0.675,0.5755,0.657,0.391,0.508,0.4065,0.618,0.4775,0.653,0.5475,0.5265,0.532,0.634,0.6205,0.6605,0.821,0.385,0.425,0.4005,0.3425,0.469,0.4875,0.577,0.4775,0.5525,0.559,0.5455,0.587,0.7765,0.615,0.58,0.667,0.647,0.5415,1.0135,0.302,0.249,0.2635,0.1635,0.318,0.3115,0.4895,0.362,0.5105,0.536,0.4625,0.7385,0.2215,0.6075,0.5345,0.6755,0.6675,0.5835,0.595,0.232,0.1575,0.097,0.076,0.33,0.4365,0.29,0.627,0.3245,0.239,0.229,0.291,0.1165,0.6995,0.3645,0.237,0.282,0.3105,0.426,0.2585,0.2395,0.271,0.1115,0.5095,0.501,0.456,0.4535,0.3745,0.33,0.452,0.531,0.4435,0.1645,0.231,0.4835,0.5215,0.4525,0.6935,0.396,0.7785,0.694,0.464,0.197,0.194,0.375,0.3345,0.58,0.5035,0.5405,0.3005,0.2105,0.402,0.3195,0.192,0.265,0.213,0.493,0.414,0.371,0.6965,0.4985,0.4695,0.262,0.2615,0.4905,0.437,0.477,0.4445,0.6525,0.6465,0.302,0.3235,0.1805,0.483,0.1915,0.243,0.4715,0.302,0.2475,0.1435,0.2905,0.146,0.312,0.1465,0.185,0.5415,0.3465,0.215,0.166,0.232,0.224,0.3535,0.206,0.4005,0.237,0.2085,0.0585,0.194,0.357,0.1955,0.19,0.249,0.432,0.4945,0.444,0.536,0.6565,0.1955,0.256,0.2555,0.3205,0.43,0.4445,0.4985,0.598,0.53,0.4925,0.4495,0.525,0.4915,0.7295,0.8655,0.8045,0.509,0.2905,0.4055,0.4845,0.491,0.4695,0.592,0.554,0.4865,0.667,0.7285,0.556,0.6425,0.7755,0.8605,0.7925,0.28,0.5305,0.4315,0.3605,0.4035,0.486,0.3425,0.4995,0.441,0.4905,0.3545,0.4835,0.605,0.564,0.689,0.58,0.583,0.6485,0.2865,0.4585,0.4635,0.7045,0.4955,0.565,0.583,0.643,0.573,0.87,0.4205,0.2945,0.437,0.4325,0.5005,0.4565,0.49,0.5095,0.4305,0.4525,0.61,0.516,0.5985,0.575,0.622,0.8505,0.5605,0.6435,0.7035,0.62,0.612,0.873,0.323,0.4145,0.502,0.914,0.512,0.647,0.694,0.6065,0.819,0.7105,0.346,0.3895,0.333,0.442,0.4895,0.433,0.5015,0.5105,0.528,0.6275,0.678,0.686,0.5465,0.607,0.318,0.221,0.4605,0.4815,0.4735,0.5985,0.5375,0.256,0.165,0.175,0.375,0.3915,0.6175,0.1255,0.446,0.236,0.322,0.447,0.3575,0.4155,0.508,0.289,0.2505,0.1505,0.2455,0.203,0.191,0.274,0.587,0.5655,0.439,0.5985,0.2205,0.4315,0.431,0.342,0.273,0.4405,0.488,0.3455,0.3315,0.1985,0.2845,0.479,0.27,0.1955,0.564,0.6275,0.171,0.186,0.0745,0.391,0.2555,0.2855,0.2355,0.2115,0.1815,0.281,0.4935,0.5185,0.8225,1.0745,0.416,0.3545,0.6135,0.6865,0.758,0.3525,0.503,0.479,0.646,0.713,0.708,0.447,0.4815,0.4025,0+ .3615,0.6335,0.5075,0.539,0.4675,0.797,0.8195,0.553,0.653,0.506,0.7465,0.467,0.684,0.577,0.7365,0.475,0.8725,0.844,0.7755,0.7755,0.531,0.547,0.6185,0.3895,0.4405,0.52,0.5205,0.468,0.5725,0.642,0.35,0.458,0.4255,0.2865,0.37,0.531),
+   x_viscera = c(0.1415,0.1415,0.1495,0.151,0.1475,0.171,0.0805,0.087,0.214,0.21,0.301,0.188,0.272,0.2805,0.3925,0.4115,0.3075,0.1165,0.2035,0.091,0.196,0.11,0.2135,0.1055,0.1755,0.13,0.1935,0.1935,0.224,0.1155,0.0985,0.225,0.2895,0.221,0.194,0.1595,0.2355,0.252,0.225,0.2225,0.114,0.231,0.318,0.085,0.1835,0.183,0.1315,0.179,0.098,0.146,0.1585,0.102,0.172,0.1035,0.1725,0.063,0.036,0.081,0.0345,0.063,0.2055,0.1435,0.1075,0.2585,0.305,0.2355,0.1495,0.2425,0.2135,0.1785,0.2575,0.398,0.2895,0.4515,0.408,0.409,0.169,0.1845,0.268,0.214,0.367,0.336,0.3315,0.335,0.271,0.1965,0.145,0.095,0.1465,0.155,0.1085,0.1685,0.1625,0.0785,0.128,0.0755,0.1125,0.1235,0.144,0.125,0.1055,0.082,0.2095,0.158,0.2165,0.217,0.297,0.2555,0.194,0.1725,0.1525,0.1,0.2855,0.245,0.1605,0.1585,0.104,0.1965,0.1325,0.1795,0.279,0.207,0.0895,0.174,0.114,0.3055,0.27,0.2475,0.1385,0.0565,0.4085,0.2505,0.2565,0.1495,0.152,0.173,0.2905,0.1635,0.3885,0.392,0.246,0.2995,0.2705,0.3015,0.2735,0.299,0.3455,0.3265,0.453,0.314,0.3695,0.2875,0.3135,0.1245,0.137,0.176,0.131,0.0985,0.152,0.1985,0.2385,0.2465,0.224,0.267,0.199,0.358,0.123,0.2435,0.129,0.1705,0.1665,0.1625,0.077,0.129,0.159,0.3175,0.354,0.2195,0.3045,0.259,0.1525,0.224,0.3035,0.305,0.1715,0.1405,0.1415,0.1455,0.091,0.3215,0.212,0.1615,0.3065,0.2195,0.2855,0.2235,0.2595,0.209,0.2315,0.1635,0.27,0.2145,0.256,0.2305,0.1265,0.181,0.0215,0.059,0.0385,0.159,0.255,0.1055,0.086,0.066,0.1415,0.0925,0.051,0.1555,0.298,0.2625,0.0805,0.092,0.163,0.126,0.1005,0.2275,0.201,0.2355,0.2495,0.3035,0.247,0.3435,0.065,0.1905,0.058,0.057,0.2975,0.186,0.2245,0.0635,0.06,0.0825,0.095,0.138,0.1095,0.1125,0.061,0.0525,0.095,0.1365,0.156,0.081,0.0465,0.2315,0.2245,0.1615,0.0885,0.0615,0.054,0.14,0.123,0.143,0.169,0.14,0.11,0.148,0.1915,0.026,0.094,0.2125,0.1425,0.1065,0.1145,0.091,0.142,0.103,0.0435,0.107,0.1195,0.2015,0.1735,0.057,0.186,0.183,0.226,0.4805,0.15,0.3045,0.3005,0.2655,0.1825,0.221,0.296,0.234,0.227,0.2395,0.2815,0.1375,0.13,0.2025,0.246,0.2575,0.1315,0.081,0.179,0.1155,0.179,0.1315,0.113,0.129,0.1725,0.2015,0.175,0.1755,0.1815,0.228,0.296,0.231,0.244,0.1695,0.2325,0.33,0.2605,0.275,0.162,0.285,0.361,0.2605,0.332,0.2945,0.391,0.3405,0.322,0.3775,0.422,0.1095,0.106,0.092,0.11,0.0955,0.141,0.2,0.173,0.197,0.232,0.196,0.178,0.161,0.207,0.1665,0.255,0.221,0.2255,0.2595,0.22,0.2445,0.178,0.2205,0.2095,0.2645,0.2595,0.276,0.278,0.2475,0.3035,0.302,0.284,0.326,0.291,0.236,0.308,0.327,0.2055,0.331,0.3365,0.3025,0.294,0.2995,0.3615,0.396,0.42,0.383,0.44,0.15,0.115,0.1985,0.1855,0.195,0.1765,0.2375,0.217,0.229,0.214,0.197,0.246,0.2495,0.262,0.2275,0.2195,0.1825,0.25,0.2445,0.2715,0.308,0.254,0.339,0.3725,0.2705,0.3025,0.3655,0.3105,0.3485,0.307,0.236,0.381,0.48,0.469,0.38,0.5195,0.513,0.4985,0.108,0.1045,0.144,0.163,0.163,0.137,0.3225,0.1685,0.2525,0.147,0.2095,0.156,0.196,0.112,0.25,0.1715,0.2195,0.2215,0.193,0.1955,0.2115,0.3135,0.2685,0.256,0.326,0.239,0.345,0.2645,0.2725,0.274,0.378,0.349,0.3215,0.3865,0.3525,0.3125,0.342,0.487,0.271,0.399,0.374,0.4195,0.345,0.389,0.3585,0.4345,0.46,0.446,0.519,0.42,0.117,0.1285,0.1565,0.1775,0.218,0.161,0.1835,0.2205,0.2165,0.239,0.2205,0.2655,0.193,0.2875,0.2945,0.229,0.236,0.268,0.259,0.2655,0.3345,0.365,0.3015,0.326,0.304,0.296,0.324,0.3255,0.3265,0.131,0.149,0.185,0.238,0.247,0.218,0.1515,0.2205,0.17,0.2045,0.196,0.2455,0.1775,0.2345,0.224,0.264,0.2515,0.2915,0.223,0.2855,0.2605,0.2435,0.2695,0.2225,0.2615,0.2325,0.313,0.2665,0.2695,0.276,0.362,0.2905,0.3195,0.223,0.2745,0.3805,0.3125,0.2925,0.3095,0.339,0.3305,0.3175,0.339,0.375,0.3675,0.48,0.4565,0.4925,0.287,0.3215,0.487,0.5195,0.5185,0.4825,0.131,0.215,0.1815,0.318,0.2445,0.294,0.324,0.2575,0.238,0.307,0.2295,0.314,0.293,0.33,0.3775,0.4015,0.3675,0.4265,0.1105,0.2005,0.1785,0.1525,0.202,0.1925,0.173,0.185,0.1955,0.2885,0.1985,0.2945,0.1975,0.2785,0.3195,0.213,0.2965,0.351,0.2,0.3065,0.296,0.314,0.24,0.2555,0.3465,0.322,0.3655,0.278,0.384,0.2485,0.2605,0.2775,0.2955,0.2465,0.3025,0.447,0.3835,0.3605,0.315,0.366,0.1855,0.1565,0.2435,0.184,0.156,0.177,0.252,0.0705,0.116,0.1315,0.143,0.1565,0.116,0.1675,0.1855,0.1735,0.207,0.2115,0.2595,0.+ 2,0.244,0.3395,0.3975,0.3725,0.2815,0.4825,0.1965,0.1555,0.1075,0.0695,0.128,0.3705,0.0725,0.1405,0.1,0.0675,0.126,0.1625,0.113,0.213,0.2455,0.277,0.105,0.0765,0.437,0.0465,0.3315,0.465,0.492,0.184,0.311,0.0535,0.274,0.187,0.206,0.2035,0.2475,0.165,0.1715,0.115,0.264,0.4075,0.36,0.2285,0.0235,0.2595,0.205,0.219,0.0995,0.1325,0.196,0.1155,0.2005,0.2445,0.195,0.15,0.15,0.155,0.2045,0.1845,0.2435,0.105,0.0915,0.07,0.074,0.1495,0.2495,0.2205,0.305,0.2525,0.196,0.2875,0.405,0.261,0.216,0.189,0.2675,0.219,0.348,0.245,0.2475,0.179,0.173,0.0745,0.23,0.075,0.1725,0.181,0.1445,0.2015,0.257,0.179,0.218,0.129,0.1005,0.165,0.1175,0.153,0.2815,0.082,0.209,0.127,0.59,0.215,0.1905,0.3365,0.1715,0.0935,0.111,0.3415,0.2205,0.2565,0.1875,0.291,0.2035,0.216,0.423,0.0725,0.126,0.0955,0.037,0.131,0.083,0.117,0.1445,0.102,0.152,0.146,0.2,0.2705,0.12,0.19,0.103,0.1125,0.114,0.0655,0.151,0.2485,0.232,0.3365,0.1095,0.1755,0.051,0.114,0.1645,0.0415,0.0585,0.11,0.2325,0.095,0.137,0.0625,0.343,0.2455,0.1165,0.2005,0.1905,0.241,0.1295,0.349,0.17,0.118,0.2065,0.155,0.05,0.1445,0.1455,0.2355,0.191,0.2835,0.2175,0.259,0.314,0.299,0.358,0.371,0.2655,0.4195,0.365,0.418,0.1045,0.1115,0.208,0.2275,0.159,0.224,0.185,0.196,0.1815,0.2215,0.269,0.22,0.2745,0.2245,0.274,0.2495,0.3015,0.323,0.253,0.233,0.2365,0.2165,0.336,0.266,0.317,0.2985,0.2955,0.429,0.442,0.3935,0.5005,0.17,0.215,0.1995,0.217,0.159,0.1905,0.203,0.129,0.2615,0.166,0.2835,0.246,0.209,0.277,0.352,0.2765,0.228,0.3175,0.3685,0.398,0.5265,0.132,0.147,0.239,0.244,0.2025,0.2325,0.2155,0.185,0.2065,0.1715,0.201,0.2195,0.4365,0.252,0.377,0.3375,0.2995,0.352,0.417,0.18,0.1805,0.1875,0.1745,0.182,0.2055,0.25,0.259,0.295,0.3155,0.289,0.3095,0.346,0.2635,0.407,0.325,0.3255,0.102,0.199,0.174,0.18,0.232,0.212,0.1955,0.2435,0.2225,0.2715,0.3315,0.259,0.2305,0.2865,0.1865,0.207,0.1735,0.277,0.2485,0.2885,0.3045,0.2315,0.2925,0.367,0.3725,0.309,0.319,0.397,0.2985,0.353,0.297,0.1195,0.292,0.198,0.275,0.2105,0.396,0.22,0.1915,0.271,0.318,0.2965,0.3395,0.423,0.211,0.1685,0.2025,0.195,0.198,0.259,0.227,0.3035,0.2505,0.231,0.2615,0.3165,0.302,0.3935,0.3855,0.334,0.4285,0.3565,0.4655,0.1575,0.1375,0.122,0.089,0.138,0.131,0.1945,0.1655,0.271,0.2115,0.2045,0.3525,0.1155,0.3055,0.2995,0.4065,0.3125,0.3515,0.3025,0.142,0.089,0.021,0.0365,0.2125,0.281,0.158,0.271,0.239,0.1235,0.1355,0.133,0.056,0.387,0.234,0.127,0.145,0.1915,0.2255,0.207,0.1255,0.145,0.057,0.284,0.295,0.3205,0.27,0.326,0.243,0.275,0.3075,0.3105,0.106,0.137,0.328,0.3225,0.238,0.318,0.2825,0.4395,0.3005,0.306,0.1145,0.1005,0.193,0.2145,0.288,0.2925,0.3175,0.1635,0.1205,0.2415,0.1775,0.1175,0.124,0.1075,0.318,0.26,0.235,0.3025,0.227,0.225,0.122,0.135,0.3,0.205,0.23,0.227,0.4875,0.3705,0.1805,0.183,0.1165,0.238,0.1365,0.1335,0.3235,0.1565,0.1505,0.0755,0.145,0.0555,0.165,0.079,0.09,0.309,0.1785,0.125,0.046,0.141,0.1355,0.1685,0.098,0.2345,0.1715,0.1805,0.0335,0.1455,0.202,0.1215,0.1025,0.1005,0.2025,0.27,0.214,0.254,0.341,0.118,0.1325,0.1325,0.159,0.1975,0.171,0.2145,0.238,0.315,0.236,0.2825,0.2415,0.2345,0.407,0.4095,0.3595,0.239,0.1165,0.163,0.242,0.1905,0.257,0.274,0.239,0.341,0.2665,0.402,0.2805,0.3905,0.3965,0.3275,0.401,0.11,0.2455,0.1915,0.221,0.2275,0.25,0.1795,0.2245,0.19,0.2475,0.1585,0.221,0.2875,0.302,0.3905,0.3485,0.1255,0.288,0.118,0.196,0.24,0.25,0.2645,0.3375,0.303,0.345,0.368,0.5145,0.182,0.1315,0.2225,0.2145,0.1715,0.24,0.2525,0.256,0.2525,0.273,0.2675,0.3305,0.246,0.3155,0.309,0.3615,0.3045,0.328,0.402,0.375,0.394,0.367,0.1325,0.199,0.301,0.377,0.322,0.2485,0.318,0.2955,0.4025,0.4215,0.1715,0.2325,0.207,0.2155,0.24,0.2975,0.24,0.262,0.258,0.27,0.229,0.318,0.2815,0.318,0.121,0.117,0.2825,0.2305,0.263,0.395,0.38,0.1775,0.083,0.0755,0.204,0.195,0.4255,0.0575,0.261,0.183,0.244,0.207,0.194,0.3385,0.314,0.1745,0.1635,0.0945,0.171,0.082,0.1445,0.151,0.4055,0.2385,0.2645,0.2565,0.088,0.263,0.222,0.196,0.112,0.192,0.244,0.1925,0.166,0.111,0.153,0.3565,0.1455,0.127,0.323,0.35,0.1175,0.1025,0.0465,0.2295,0.144,0.1975,0.171,0.166,0.157,0.1255,0.1855,0.3735,0.3655,0.382,0.163,0.2075,0.283,0.313,0.3735,0.1835,0.2105,0.2385,0.3115,0.282,0.3615,0.169,0.19+ 45,0.208,0.249,0.192,0.296,0.292,0.3355,0.409,0.331,0.3205,0.347,0.2485,0.4105,0.1975,0.3005,0.3315,0.3055,0.304,0.4565,0.3535,0.4225,0.35,0.189,0.2665,0.302,0.2225,0.267,0.19,0.3085,0.2385,0.281,0.3255,0.1615,0.217,0.263,0.123,0.239,0.261),
+   x_shell = c(0.21,0.33,0.26,0.32,0.21,0.205,0.185,0.13,0.27,0.2,0.305,0.3,0.285,0.46,0.455,0.49,0.34,0.145,0.26,0.115,0.27,0.15,0.245,0.15,0.22,0.175,0.2,0.32,0.485,0.17,0.1,0.425,0.315,0.28,0.305,0.285,0.345,0.285,0.32,0.44,0.165,0.33,0.39,0.155,0.235,0.28,0.22,0.2,0.13,0.21,0.18,0.22,0.31,0.14,0.255,0.129,0.062,0.1355,0.048,0.117,0.2475,0.2665,0.174,0.335,0.45,0.355,0.31,0.34,0.285,0.44,0.28,1.005,0.815,0.85,0.65,0.62,0.255,0.22,0.3,0.325,0.46,0.285,0.38,0.315,0.29,0.195,0.21,0.135,0.23,0.275,0.16,0.31,0.22,0.12,0.235,0.105,0.14,0.18,0.19,0.155,0.155,0.09,0.35,0.245,0.3,0.345,0.365,0.295,0.26,0.27,0.16,0.17,0.55,0.49,0.25,0.3,0.15,0.285,0.205,0.24,0.355,0.35,0.1,0.335,0.15,0.39,0.435,0.39,0.32,0.095,0.71,0.285,0.48,0.17,0.24,0.275,0.245,0.27,0.395,0.485,0.34,0.445,0.295,0.35,0.265,0.47,0.415,0.5,0.6,0.42,0.605,0.25,0.33,0.135,0.18,0.24,0.175,0.155,0.2,0.24,0.28,0.39,0.36,0.4,0.36,0.505,0.2,0.33,0.375,0.385,0.295,0.285,0.12,0.275,0.26,0.42,0.36,0.255,0.33,0.39,0.235,0.265,0.4,0.625,0.2185,0.177,0.181,0.2765,0.1345,0.475,0.26,0.315,0.36,0.285,0.41,0.305,0.48,0.3,0.345,0.245,0.395,0.36,0.36,0.42,0.135,0.21,0.025,0.055,0.055,0.235,0.26,0.13,0.11,0.0885,0.179,0.131,0.085,0.23,0.37,0.44,0.1175,0.155,0.2185,0.185,0.0985,0.415,0.305,0.35,0.27,0.515,0.365,0.435,0.11,0.25,0.095,0.075,0.42,0.225,0.335,0.0835,0.0865,0.1515,0.152,0.195,0.17,0.225,0.125,0.09,0.1405,0.195,0.315,0.14,0.075,0.295,0.42,0.33,0.12,0.09,0.08,0.18,0.175,0.205,0.24,0.24,0.245,0.19,0.265,0.08,0.12,0.21,0.345,0.11,0.14,0.1195,0.173,0.123,0.0765,0.195,0.155,0.165,0.21,0.06,0.215,0.26,0.265,0.45,0.195,0.315,0.275,0.41,0.335,0.3,0.32,0.32,0.233,0.278,0.2965,0.195,0.1845,0.1635,0.262,0.263,0.1685,0.117,0.24,0.13,0.235,0.205,0.175,0.214,0.21,0.2375,0.283,0.2765,0.2705,0.33,0.32,0.271,0.305,0.3205,0.3985,0.292,0.345,0.3685,0.411,0.381,0.31,0.2715,0.321,0.413,0.455,0.42,0.415,0.475,0.455,0.1195,0.1095,0.146,0.127,0.129,0.1785,0.23,0.175,0.205,0.202,0.205,0.218,0.275,0.274,0.18,0.27,0.249,0.29,0.276,0.29,0.25,0.155,0.25,0.2515,0.295,0.33,0.388,0.365,0.349,0.315,0.401,0.315,0.409,0.4,0.3185,0.336,0.3,0.385,0.1825,0.403,0.441,0.335,0.435,0.553,0.503,0.4045,0.405,0.6,0.1405,0.1385,0.254,0.175,0.223,0.245,0.2645,0.22,0.265,0.2575,0.238,0.265,0.2565,0.25,0.292,0.357,0.2415,0.285,0.281,0.332,0.2885,0.305,0.4245,0.364,0.476,0.353,0.4735,0.39,0.3695,0.3995,0.301,0.4525,0.5375,0.5215,0.4825,0.545,0.6785,0.586,0.1245,0.141,0.2075,0.2175,0.207,0.2,0.2695,0.225,0.2655,0.2125,0.306,0.253,0.2255,0.305,0.28,0.269,0.335,0.275,0.2895,0.3035,0.355,0.354,0.33,0.3045,0.321,0.3185,0.345,0.39,0.323,0.349,0.435,0.391,0.3985,0.383,0.3925,0.3575,0.435,0.3725,0.3745,0.4975,0.195,0.43,0.45,0.51,0.595,0.52,0.565,0.558,0.612,0.7975,0.1335,0.144,0.161,0.203,0.1945,0.22,0.1835,0.3055,0.2095,0.2515,0.275,0.288,0.2765,0.38,0.3315,0.305,0.275,0.329,0.3245,0.315,0.4025,0.415,0.335,0.495,0.3195,0.444,0.395,0.4685,0.32,0.15,0.27,0.21,0.34,0.47,0.36,0.23,0.253,0.265,0.3,0.305,0.325,0.275,0.24,0.3345,0.431,0.28,0.3085,0.379,0.355,0.335,0.357,0.313,0.3,0.3705,0.3995,0.305,0.38,0.36,0.315,0.36,0.35,0.335,0.305,0.425,0.363,0.415,0.32,0.4275,0.354,0.465,0.3965,0.4705,0.438,0.46,0.512,0.265,0.48,0.435,0.435,0.503,0.5655,0.482,0.575,0.1675,0.2825,0.1795,0.403,0.2845,0.3345,0.4155,0.3005,0.315,0.291,0.31,0.466,0.4375,0.389,0.4215,0.3965,0.4645,0.5015,0.195,0.295,0.23,0.234,0.35,0.22,0.225,0.3005,0.264,0.298,0.3,0.2985,0.265,0.294,0.3225,0.34,0.304,0.375,0.265,0.3395,0.412,0.345,0.34,0.41,0.3255,0.4675,0.474,0.3645,0.3985,0.497,0.394,0.49,0.3595,0.416,0.4245,0.538,0.4395,0.501,0.488,0.44,0.196,0.185,0.2675,0.253,0.245,0.2425,0.3925,0.105,0.1335,0.1955,0.1785,0.2035,0.2365,0.1845,0.231,0.238,0.192,0.356,0.3375,0.22,0.2725,0.4275,0.462,0.488,0.28,0.602,0.4935,0.175,0.21,0.115,0.165,0.6,0.08,0.185,0.13,0.035,0.185,0.215,0.12,0.335,0.31,0.295,0.16,0.11,0.5855,0.0935,0.41,0.885,0.49,0.29,0.3,0.07,0.355,0.405,0.395,0.34,0.445,0.445,0.185,0.195,0.3,0.585,0.44,0.51,0.04,0.665,0.525,0.52,0.155,0.175,0.25,0.19,0.2,0.53,0.39,0.265,0.215,0.25,0.295,0.295,0.33,0.16,0.125,0.185,0.105,0.15,0.315,0.38,0.36,0.295,0.3,0.32,0.62,0+ .36,0.42,0.295,0.32,0.25,0.37,0.355,0.425,0.175,0.195,0.1,0.285,0.095,0.285,0.25,0.21,0.23,0.265,0.26,0.365,0.23,0.125,0.275,0.2,0.205,0.475,0.1,0.24,0.215,0.62,0.275,0.25,0.565,0.263,0.149,0.216,0.525,0.515,0.505,0.265,0.41,0.29,0.315,0.66,0.11,0.185,0.109,0.0735,0.21,0.132,0.14,0.177,0.1335,0.235,0.195,0.32,0.36,0.167,0.17,0.155,0.16,0.1475,0.095,0.18,0.485,0.38,0.555,0.22,0.28,0.06,0.14,0.28,0.06,0.0835,0.145,0.358,0.27,0.215,0.07,0.32,0.28,0.135,0.2115,0.24,0.275,0.2515,0.3065,0.3205,0.187,0.17,0.2,0.07,0.175,0.135,0.2485,0.3175,0.35,0.288,0.33,0.431,0.513,0.4535,0.474,0.4395,0.6095,0.43,0.435,0.1375,0.1165,0.1505,0.215,0.215,0.24,0.2505,0.2295,0.2425,0.2335,0.31,0.287,0.289,0.248,0.29,0.315,0.355,0.3225,0.345,0.3275,0.3185,0.3595,0.38,0.2885,0.37,0.37,0.341,0.498,0.4175,0.5165,0.624,0.201,0.18,0.185,0.255,0.2285,0.248,0.225,0.2245,0.2565,0.265,0.293,0.2345,0.246,0.3095,0.317,0.344,0.3055,0.36,0.412,0.405,0.471,0.162,0.199,0.275,0.2785,0.265,0.23,0.25,0.2705,0.225,0.272,0.2745,0.307,0.324,0.265,0.2875,0.3745,0.422,0.475,0.461,0.1815,0.21,0.2035,0.1965,0.2325,0.2765,0.287,0.3485,0.4105,0.299,0.319,0.405,0.385,0.331,0.3875,0.435,0.4945,0.131,0.24,0.2265,0.228,0.248,0.2895,0.195,0.3135,0.2775,0.335,0.398,0.3165,0.29,0.3185,0.277,0.355,0.28,0.3885,0.34,0.406,0.352,0.293,0.317,0.43,0.4535,0.405,0.394,0.3605,0.325,0.44,0.355,0.1515,0.343,0.177,0.2875,0.2925,0.41,0.3315,0.2925,0.354,0.363,0.326,0.37,0.726,0.2315,0.2425,0.2875,0.291,0.384,0.355,0.3825,0.3155,0.3015,0.3355,0.3225,0.3415,0.401,0.406,0.545,0.471,0.455,0.5965,0.48,0.235,0.161,0.221,0.1385,0.208,0.223,0.2185,0.236,0.352,0.1625,0.3105,0.3725,0.185,0.355,0.345,0.6855,0.71,0.396,0.725,0.13,0.12,0.05,0.05,0.245,0.3805,0.22,0.475,0.285,0.18,0.165,0.195,0.0835,0.575,0.235,0.13,0.17,0.2,0.32,0.38,0.18,0.215,0.08,0.51,0.41,0.49,0.335,0.325,0.21,0.315,0.37,0.365,0.119,0.145,0.4,0.365,0.42,0.47,0.37,0.515,0.44,0.365,0.145,0.13,0.29,0.29,0.37,0.33,0.285,0.185,0.12,0.31,0.24,0.175,0.25,0.215,0.565,0.305,0.28,0.405,0.315,0.27,0.193,0.178,0.345,0.33,0.39,0.39,0.49,0.52,0.265,0.22,0.11,0.355,0.155,0.215,0.52,0.25,0.1595,0.098,0.225,0.08,0.2,0.14,0.145,0.58,0.275,0.1845,0.1345,0.23,0.185,0.205,0.125,0.335,0.155,0.125,0.045,0.125,0.385,0.1945,0.13,0.148,0.337,0.371,0.37,0.316,0.43,0.126,0.145,0.146,0.1915,0.2155,0.225,0.2815,0.315,0.3455,0.29,0.345,0.405,0.353,0.4265,0.565,0.4375,0.3065,0.183,0.2215,0.22,0.289,0.348,0.322,0.32,0.288,0.355,0.385,0.4085,0.42,0.461,0.398,0.468,0.1375,0.308,0.223,0.271,0.259,0.294,0.2425,0.3205,0.39,0.31,0.239,0.31,0.319,0.374,0.432,0.3095,0.4,0.335,0.148,0.2065,0.27,0.3045,0.32,0.315,0.333,0.37,0.3905,0.5675,0.2225,0.205,0.32,0.2845,0.2575,0.3085,0.279,0.309,0.35,0.317,0.3605,0.375,0.3825,0.3885,0.398,0.47,0.358,0.4165,0.4,0.425,0.44,0.435,0.164,0.273,0.311,0.4095,0.355,0.3005,0.3235,0.407,0.4525,0.516,0.2735,0.245,0.2985,0.2875,0.343,0.315,0.342,0.39,0.37,0.45,0.456,0.45,0.465,0.44,0.1325,0.17,0.344,0.356,0.274,0.4575,0.431,0.275,0.17,0.175,0.245,0.32,0.453,0.1035,0.255,0.255,0.37,0.265,0.19,0.49,0.445,0.195,0.195,0.135,0.205,0.13,0.17,0.25,0.41,0.295,0.3,0.495,0.17,0.255,0.235,0.355,0.295,0.39,0.345,0.275,0.1775,0.12,0.225,0.345,0.225,0.155,0.425,0.47,0.185,0.21,0.07,0.355,0.18,0.23,0.27,0.255,0.225,0.22,0.263,0.3345,0.515,0.585,0.18,0.225,0.34,0.547,0.5055,0.2015,0.2515,0.255,0.37,0.4295,0.4715,0.275,0.236,0.275,0.239,0.35,0.36,0.35,0.31,0.499,0.437,0.35,0.305,0.31,0.3855,0.35,0.39,0.355,0.37,0.386,0.475,0.5385,0.48,0.4525,0.209,0.2585,0.3315,0.271,0.335,0.32,0.347,0.424,0.43,0.405,0.259,0.3,0.2845,0.1765,0.249,0.296),
+ 
+   y = c(10.5,21.5,17.5,20.5,15.5,11.5,11.5,11.5,13.5,10.5,11.5,12.5,12.5,16.5,20.5,14.5,17.5,9.5,12.5,10.5,15.5,8.5,10.5,11.5,9.5,8.5,11.5,13.5,14.5,11.5,9.5,21.5,14.5,16.5,11.5,12.5,15.5,10.5,17.5,13.5,10.5,13.5,11.5,11.5,13.5,12.5,11.5,10.5,10.5,12.5,12.5,12.5,10.5,10.5,15.5,10.5,8.5,9.5,8.5,10.5,11.5,11.5,11.5,10.5,11.5,11.5,13.5,14.5,14.5,14.5,14.5,19.5,17.5,21.5,21.5,13.5,8.5,9.5,11.5,11.5,13.5,13.5,11.5,12.5,10.5,11.5,12.5,10.5,13.5,14.5,10.5,14.5,11.5,13.5,15.5,9.5,10.5,12.5,10.5,12.5,10.5,8.5,12.5,16.5,13.5,16.5,16.5,14.5,12.5,13.5,12.5,14.5,23.5,13.5,12.5,16.5,10.5,11.5,18.5,11.5,13.5,20.5,10.5,14.5,11.5,22.5,24.5,15.5,19.5,9.5,17.5,16.5,15.5,13.5,9.5,10.5,9.5,23.5,19.5,17.5,13.5,21.5,17.5,13.5,11.5,18.5,17.5,17.5,20.5,15.5,21.5,11.5,13.5,10.5,11.5,11.5,10.5,8.5,11.5,13.5,12.5,15.5,16.5,21.5,17.5,15.5,14.5,19.5,22.5,19.5,19.5,20.5,11.5,10.5,19.5,17.5,18.5,12.5,15.5,16.5,12.5,13.5,13.5,18.5,10.5,11.5,12.5,11.5,10.5,30.5,20.5,14.5,16.5,15.5,12.5,16.5,13.5,20.5,12.5,13.5,24.5,16.5,14.5,18.5,11.5,11.5,6.5,7.5,6.5,15.5,13.5,14.5,10.5,11.5,16.5,12.5,11.5,13.5,13.5,14.5,9.5,12.5,12.5,15.5,12.5,21.5,18.5,12.5,11.5,18.5,12.5,20.5,12.5,14.5,14.5,10.5,20.5,10.5,17.5,11.5,14.5,13.5,13.5,13.5,18.5,13.5,11.5,9.5,8.5,14.5,20.5,10.5,11.5,18.5,17.5,12.5,11.5,13.5,11.5,16.5,14.5,18.5,20.5,24.5,23.5,12.5,24.5,9.5,8.5,14.5,17.5,12.5,14.5,17.5,15.5,10.5,11.5,18.5,13.5,16.5,13.5,9.5,15.5,18.5,18.5,18.5,14.5,14.5,14.5,16.5,17.5,18.5,15.5,14.5,12.5,18.5,12.5,16.5,10.5,10.5,13.5,11.5,11.5,12.5,16.5,11.5,13.5,22.5,9.5,10.5,12.5,11.5,9.5,11.5,10.5,11.5,9.5,7.5,13.5,11.5,11.5,13.5,11.5,12.5,12.5,12.5,11.5,10.5,9.5,11.5,13.5,10.5,12.5,12.5,12.5,7.5,7.5,9.5,7.5,8.5,10.5,9.5,9.5,9.5,9.5,9.5,10.5,10.5,10.5,9.5,9.5,10.5,8.5,9.5,9.5,9.5,12.5,12.5,10.5,10.5,9.5,12.5,11.5,11.5,10.5,10.5,12.5,12.5,11.5,11.5,9.5,11.5,11.5,10.5,11.5,12.5,7.5,11.5,13.5,11.5,13.5,12.5,12.5,8.5,7.5,8.5,9.5,9.5,9.5,10.5,9.5,8.5,11.5,10.5,10.5,10.5,9.5,10.5,10.5,10.5,10.5,9.5,10.5,10.5,11.5,10.5,11.5,12.5,10.5,15.5,10.5,10.5,10.5,10.5,12.5,11.5,11.5,13.5,12.5,12.5,12.5,9.5,9.5,10.5,11.5,10.5,10.5,11.5,9.5,10.5,11.5,10.5,9.5,11.5,13.5,12.5,11.5,10.5,13.5,11.5,13.5,11.5,11.5,11.5,12.5,10.5,13.5,10.5,10.5,10.5,12.5,12.5,11.5,11.5,11.5,11.5,11.5,11.5,12.5,11.5,12.5,13.5,13.5,12.5,14.5,12.5,12.5,13.5,10.5,15.5,15.5,8.5,8.5,10.5,10.5,9.5,9.5,10.5,10.5,10.5,10.5,9.5,10.5,12.5,10.5,10.5,12.5,9.5,11.5,11.5,11.5,10.5,11.5,12.5,11.5,10.5,12.5,11.5,13.5,12.5,7.5,10.5,9.5,11.5,9.5,9.5,9.5,11.5,9.5,9.5,10.5,11.5,10.5,9.5,10.5,12.5,11.5,13.5,11.5,8.5,13.5,12.5,13.5,10.5,11.5,9.5,11.5,10.5,11.5,10.5,11.5,13.5,10.5,10.5,13.5,12.5,13.5,12.5,14.5,11.5,12.5,11.5,12.5,12.5,13.5,16.5,12.5,13.5,11.5,8.5,15.5,12.5,13.5,12.5,8.5,9.5,9.5,11.5,10.5,11.5,11.5,12.5,11.5,11.5,9.5,10.5,12.5,11.5,10.5,11.5,14.5,10.5,11.5,10.5,12.5,10.5,10.5,10.5,10.5,11.5,12.5,12.5,10.5,11.5,9.5,12.5,13.5,12.5,12.5,12.5,12.5,12.5,12.5,12.5,11.5,11.5,12.5,13.5,17.5,14.5,11.5,12.5,11.5,11.5,11.5,13.5,12.5,14.5,11.5,13.5,12.5,12.5,10.5,10.5,11.5,10.5,11.5,11.5,15.5,8.5,9.5,8.5,9.5,9.5,11.5,10.5,10.5,10.5,8.5,12.5,11.5,9.5,10.5,11.5,13.5,11.5,11.5,13.5,11.5,9.5,12.5,11.5,12.5,16.5,8.5,9.5,12.5,7.5,11.5,11.5,9.5,10.5,11.5,17.5,11.5,10.5,19.5,9.5,13.5,18.5,12.5,10.5,10.5,6.5,14.5,21.5,15.5,16.5,15.5,22.5,10.5,11.5,15.5,22.5,14.5,26.5,6.5,17.5,28.5,14.5,9.5,11.5,14.5,14.5,9.5,14.5,15.5,10.5,13.5,10.5,10.5,15.5,16.5,9.5,12.5,8.5,11.5,10.5,13.5,15.5,12.5,14.5,18.5,14.5,14.5,15.5,16.5,14.5,19.5,15.5,14.5,15.5,20.5,11.5,10.5,8.5,11.5,10.5,11.5,14.5,11.5,11.5,12.5,24.5,13.5,17.5,14.5,15.5,13.5,16.5,18.5,11.5,16.5,10.5,24.5,19.5,12.5,18.5,14.5,10.5,13.5,18.5,21.5,14.5,12.5,19.5,16.5,13.5,17.5,13.5,13.5,9.5,11.5,17.5,12.5,13.5,15.5,17.5,18.5,13.5,11.5,9.5,11.5,13.5,19.5,11.5,13.5,11.5,11.5,19.5,12.5,17.5,15.5,17.5,10.5,12.5,15.5,8.5,10.5,11.5,21.5,14.5,12.5,9.5,15.5,13.5,9.5,15.5,14.5,15.5,14.5,12.5,11.5,12.5,16.5,13.5,10.5,9.5,9.5,10.5,10.5,9.5,10.5,11.5,12.5,13.5,14.5,14.5,10.5,15.5,11.5,11.5,8.5,7.5,7.5,9.5,9.5,8.5,10.5,9.5,9.5,9.5,10.5,10.5,12.5,9.5,9.5,11.5,11.5,10.5,11.5,10.5,10.5,9.5,12.5,10.5,12.5,12.5,10.5,14.5,11.5,14.5,11+ .5,10.5,10.5,9.5,10.5,10.5,9.5,8.5,9.5,9.5,9.5,11.5,10.5,10.5,10.5,10.5,11.5,10.5,10.5,14.5,12.5,13.5,10.5,11.5,9.5,9.5,11.5,10.5,12.5,10.5,9.5,12.5,11.5,10.5,11.5,11.5,12.5,10.5,12.5,10.5,10.5,10.5,10.5,10.5,9.5,9.5,11.5,11.5,10.5,13.5,10.5,9.5,12.5,12.5,12.5,12.5,11.5,13.5,9.5,9.5,10.5,9.5,10.5,10.5,12.5,11.5,10.5,14.5,13.5,12.5,10.5,11.5,10.5,12.5,11.5,11.5,11.5,12.5,9.5,13.5,12.5,13.5,12.5,13.5,14.5,11.5,11.5,13.5,13.5,9.5,10.5,9.5,11.5,10.5,12.5,11.5,10.5,10.5,12.5,11.5,12.5,13.5,11.5,11.5,10.5,12.5,12.5,12.5,12.5,10.5,12.5,10.5,10.5,12.5,11.5,12.5,12.5,12.5,12.5,15.5,12.5,12.5,10.5,9.5,9.5,11.5,10.5,8.5,11.5,10.5,11.5,11.5,11.5,10.5,10.5,14.5,13.5,25.5,11.5,22.5,12.5,10.5,7.5,7.5,10.5,14.5,10.5,19.5,15.5,12.5,13.5,16.5,8.5,14.5,12.5,7.5,9.5,15.5,13.5,19.5,10.5,11.5,7.5,18.5,18.5,16.5,11.5,15.5,14.5,15.5,12.5,15.5,11.5,14.5,13.5,13.5,14.5,16.5,15.5,20.5,14.5,16.5,10.5,8.5,13.5,14.5,13.5,15.5,13.5,12.5,11.5,13.5,14.5,14.5,19.5,16.5,19.5,14.5,12.5,14.5,15.5,16.5,13.5,12.5,15.5,15.5,14.5,17.5,12.5,16.5,13.5,17.5,10.5,14.5,13.5,18.5,20.5,17.5,16.5,13.5,11.5,11.5,12.5,13.5,12.5,17.5,13.5,13.5,14.5,13.5,14.5,16.5,11.5,20.5,11.5,11.5,8.5,14.5,14.5,13.5,9.5,8.5,10.5,9.5,11.5,12.5,11.5,8.5,10.5,9.5,8.5,9.5,9.5,9.5,13.5,11.5,9.5,12.5,11.5,10.5,12.5,11.5,10.5,9.5,9.5,10.5,10.5,10.5,12.5,11.5,12.5,10.5,11.5,12.5,10.5,13.5,12.5,12.5,12.5,8.5,11.5,9.5,10.5,10.5,10.5,11.5,10.5,12.5,11.5,10.5,11.5,11.5,10.5,12.5,10.5,9.5,13.5,8.5,10.5,11.5,12.5,13.5,10.5,9.5,10.5,11.5,14.5,11.5,11.5,12.5,11.5,11.5,11.5,13.5,11.5,11.5,10.5,15.5,10.5,11.5,11.5,11.5,12.5,12.5,10.5,12.5,10.5,11.5,12.5,8.5,8.5,10.5,11.5,10.5,10.5,12.5,13.5,14.5,13.5,11.5,10.5,10.5,14.5,12.5,9.5,11.5,11.5,12.5,14.5,15.5,12.5,11.5,12.5,9.5,9.5,13.5,10.5,10.5,11.5,13.5,11.5,15.5,8.5,10.5,10.5,15.5,8.5,10.5,12.5,13.5,10.5,15.5,15.5,19.5,11.5,16.5,9.5,10.5,13.5,10.5,13.5,16.5,16.5,11.5,16.5,8.5,10.5,13.5,13.5,14.5,14.5,18.5,11.5,13.5,11.5,11.5,19.5,21.5,9.5,17.5,22.5,12.5,14.5,11.5,16.5,12.5,13.5,14.5,14.5,14.5,13.5,11.5,10.5,12.5,11.5,8.5,7.5,11.5,12.5,12.5,10.5,12.5,9.5,10.5,12.5,11.5,13.5,11.5,9.5,11.5,14.5,11.5,11.5,10.5,12.5,11.5,12.5,10.5,11.5,12.5,12.5,13.5,10.5,10.5,12.5,12.5,10.5,12.5,10.5,10.5,11.5,10.5,10.5,12.5,10.5,11.5,11.5,12.5,14.5,10.5,12.5,12.5,9.5,12.5,11.5)
+ )
> 
> lm.sol <- lm(y ~ x_l + x_d + x_h + x_whole + x_shucked + x_viscera + x_shell, data = database)
> 
> # pdf("length.pdf")
> # plot(y=database$y, x=database$x_l)
> # pdf("diameter.pdf")
> # plot(y=database$y, x=database$x_d)
> # pdf("height.pdf")
> # plot(y=database$y, x=database$x_h)
> 
> # pdf("whole_weight.pdf")
> # plot(y=database$y, x=database$x_whole)
> # pdf("shucked_weight.pdf")
> # plot(y=database$y, x=database$x_shucked)
> # pdf("viscera_weight.pdf")
> # plot(y=database$y, x=database$x_viscera)
> # pdf("shell_weight.pdf")
> # plot(y=database$y, x=database$x_shell)
> 
> summary(lm.sol)

Call:
lm(formula = y ~ x_l + x_d + x_h + x_whole + x_shucked + x_viscera + 
    x_shell, data = database)

Residuals:
    Min      1Q  Median      3Q     Max 
-6.2171 -1.6031 -0.4039  1.0907 14.1341 

Coefficients:
            Estimate Std. Error t value Pr(>|t|)    
(Intercept)   9.5588     0.9053  10.559  < 2e-16 ***
x_l          -8.6322     3.6411  -2.371  0.01789 *  
x_d          12.3889     4.3052   2.878  0.00407 ** 
x_h           3.7143     2.1508   1.727  0.08442 .  
x_whole      10.6662     1.2777   8.348  < 2e-16 ***
x_shucked   -21.2263     1.4799 -14.343  < 2e-16 ***
x_viscera    -8.8012     2.2145  -3.974 7.45e-05 ***
x_shell       7.2433     1.9829   3.653  0.00027 ***
---
Signif. codes:  0 *** 0.001 ** 0.01 * 0.05 . 0.1   1

Residual standard error: 2.495 on 1299 degrees of freedom
Multiple R-squared:  0.3572,	Adjusted R-squared:  0.3538 
F-statistic: 103.1 on 7 and 1299 DF,  p-value: < 2.2e-16

> # pdf("first.pdf")
> # plot(lm.sol)
> 
> tstep <- step(lm.sol)
Start:  AIC=2398.39
y ~ x_l + x_d + x_h + x_whole + x_shucked + x_viscera + x_shell

            Df Sum of Sq    RSS    AIC
<none>                   8089.2 2398.4
- x_h        1     18.57 8107.8 2399.4
- x_l        1     35.00 8124.2 2402.0
- x_d        1     51.57 8140.8 2404.7
- x_shell    1     83.09 8172.3 2409.8
- x_viscera  1     98.36 8187.5 2412.2
- x_whole    1    434.00 8523.2 2464.7
- x_shucked  1   1281.09 9370.3 2588.5
> summary(tstep)

Call:
lm(formula = y ~ x_l + x_d + x_h + x_whole + x_shucked + x_viscera + 
    x_shell, data = database)

Residuals:
    Min      1Q  Median      3Q     Max 
-6.2171 -1.6031 -0.4039  1.0907 14.1341 

Coefficients:
            Estimate Std. Error t value Pr(>|t|)    
(Intercept)   9.5588     0.9053  10.559  < 2e-16 ***
x_l          -8.6322     3.6411  -2.371  0.01789 *  
x_d          12.3889     4.3052   2.878  0.00407 ** 
x_h           3.7143     2.1508   1.727  0.08442 .  
x_whole      10.6662     1.2777   8.348  < 2e-16 ***
x_shucked   -21.2263     1.4799 -14.343  < 2e-16 ***
x_viscera    -8.8012     2.2145  -3.974 7.45e-05 ***
x_shell       7.2433     1.9829   3.653  0.00027 ***
---
Signif. codes:  0 *** 0.001 ** 0.01 * 0.05 . 0.1   1

Residual standard error: 2.495 on 1299 degrees of freedom
Multiple R-squared:  0.3572,	Adjusted R-squared:  0.3538 
F-statistic: 103.1 on 7 and 1299 DF,  p-value: < 2.2e-16

> # pdf("second.pdf")
> # plot(tstep)
> 
> 
