
R version 4.2.0 (2022-04-22) -- "Vigorous Calisthenics"
Copyright (C) 2022 The R Foundation for Statistical Computing
Platform: x86_64-pc-linux-gnu (64-bit)

R is free software and comes with ABSOLUTELY NO WARRANTY.
You are welcome to redistribute it under certain conditions.
Type 'license()' or 'licence()' for distribution details.

  Natural language support but running in an English locale

R is a collaborative project with many contributors.
Type 'contributors()' for more information and
'citation()' on how to cite R or R packages in publications.

Type 'demo()' for some demos, 'help()' for on-line help, or
'help.start()' for an HTML browser interface to help.
Type 'q()' to quit R.

> database <- data.frame(
+   x_l = c(0.33,0.425,0.355,0.38,0.24,0.205,0.21,0.39,0.325,0.52,0.245,0.31,0.36,0.435,0.385,0.36,0.27,0.375,0.385,0.35,0.265,0.28,0.175,0.17,0.235,0.36,0.315,0.315,0.225,0.355,0.4,0.435,0.37,0.405,0.425,0.365,0.275,0.44,0.295,0.075,0.13,0.11,0.16,0.27,0.23,0.3,0.33,0.35,0.32,0.36,0.305,0.345,0.33,0.245,0.36,0.295,0.275,0.28,0.2,0.165,0.45,0.33,0.265,0.19,0.265,0.355,0.32,0.36,0.3,0.235,0.34,0.375,0.465,0.415,0.365,0.345,0.39,0.44,0.49,0.29,0.26,0.44,0.36,0.385,0.36,0.335,0.395,0.36,0.415,0.24,0.22,0.255,0.175,0.43,0.56,0.68,0.365,0.53,0.47,0.47,0.465,0.52,0.555,0.65,0.615,0.56,0.48,0.485,0.5,0.525,0.52,0.515,0.485,0.435,0.45,0.45,0.61,0.56,0.58,0.55,0.46,0.495,0.52,0.51,0.525,0.575,0.605,0.605,0.535,0.47,0.515,0.425,0.485,0.495,0.45,0.485,0.465,0.53,0.475,0.47,0.44,0.62,0.445,0.46,0.335,0.47,0.58,0.65,0.535,0.45,0.37,0.255,0.165,0.315,0.155,0.295,0.325,0.28,0.275,0.29,0.25,0.18,0.15,0.16,0.485,0.385,0.215,0.37,0.28,0.235,0.255,0.315,0.325,0.335,0.35,0.35,0.36,0.365,0.37,0.38,0.385,0.385,0.395,0.395,0.4,0.41,0.415,0.425,0.44,0.445,0.445,0.45,0.475,0.485,0.205,0.24,0.24,0.255,0.255,0.265,0.28,0.295,0.3,0.3,0.305,0.315,0.315,0.32,0.325,0.33,0.335,0.335,0.34,0.34,0.345,0.37,0.37,0.375,0.385,0.41,0.41,0.41,0.415,0.42,0.42,0.425,0.425,0.43,0.43,0.435,0.435,0.44,0.44,0.445,0.45,0.45,0.45,0.45,0.455,0.455,0.46,0.46,0.465,0.465,0.465,0.5,0.505,0.505,0.51,0.51,0.185,0.195,0.195,0.2,0.225,0.245,0.25,0.265,0.275,0.28,0.285,0.3,0.315,0.32,0.34,0.37,0.375,0.375,0.385,0.4,0.405,0.41,0.41,0.42,0.42,0.42,0.425,0.435,0.435,0.44,0.445,0.445,0.445,0.45,0.45,0.45,0.45,0.45,0.46,0.47,0.475,0.475,0.48,0.5,0.5,0.5,0.51,0.51,0.51,0.515,0.52,0.52,0.525,0.525,0.525,0.53,0.535,0.54,0.57,0.575,0.665,0.185,0.245,0.25,0.25,0.275,0.305,0.31,0.315,0.315,0.325,0.33,0.33,0.335,0.34,0.345,0.345,0.35,0.35,0.36,0.365,0.365,0.365,0.37,0.37,0.375,0.375,0.375,0.375,0.375,0.375,0.38,0.38,0.385,0.385,0.385,0.385,0.39,0.395,0.395,0.395,0.4,0.405,0.41,0.42,0.425,0.425,0.425,0.43,0.43,0.435,0.44,0.45,0.455,0.455,0.46,0.46,0.465,0.47,0.47,0.47,0.475,0.475,0.475,0.48,0.48,0.48,0.495,0.495,0.5,0.5,0.5,0.5,0.5,0.505,0.505,0.505,0.515,0.515,0.515,0.52,0.52,0.525,0.53,0.53,0.53,0.53,0.535,0.535,0.54,0.545,0.545,0.545,0.55,0.55,0.55,0.555,0.555,0.555,0.56,0.56,0.56,0.565,0.57,0.57,0.57,0.585,0.59,0.6,0.605,0.605,0.61,0.63,0.63,0.14,0.23,0.365,0.365,0.37,0.375,0.385,0.395,0.4,0.4,0.405,0.405,0.405,0.41,0.425,0.43,0.44,0.44,0.455,0.46,0.47,0.47,0.47,0.475,0.48,0.485,0.515,0.515,0.53,0.615,0.21,0.285,0.295,0.3,0.305,0.335,0.35,0.355,0.355,0.36,0.36,0.36,0.365,0.37,0.375,0.38,0.38,0.385,0.385,0.385,0.39,0.39,0.39,0.41,0.41,0.415,0.425,0.425,0.435,0.435,0.45,0.45,0.455,0.46,0.46,0.465,0.465,0.47,0.475,0.475,0.48,0.48,0.485,0.49,0.49,0.495,0.495,0.5,0.5,0.5,0.51,0.515,0.515,0.515,0.515,0.52,0.52,0.525,0.525,0.525,0.53,0.53,0.53,0.53,0.535,0.54,0.54,0.54,0.54,0.54,0.54,0.545,0.545,0.545,0.55,0.55,0.55,0.55,0.555,0.555,0.555,0.56,0.56,0.565,0.57,0.57,0.57,0.57,0.575,0.575,0.575,0.575,0.58,0.59,0.59,0.595,0.6,0.605,0.61,0.62,0.62,0.62,0.62,0.625,0.625,0.635,0.275,0.375,0.435,0.455,0.455,0.455,0.465,0.485,0.485,0.535,0.545,0.575,0.585,0.185,0.24,0.31,0.34,0.35,0.365,0.365,0.365,0.39,0.405,0.41,0.41,0.415,0.415,0.415,0.42,0.43,0.435,0.435,0.435,0.435,0.445,0.465,0.47,0.475,0.485,0.485,0.485,0.495,0.495,0.495,0.5,0.505,0.505,0.515,0.515,0.52,0.52,0.52,0.52,0.52,0.525,0.525,0.525,0.53,0.53,0.53,0.53,0.535,0.54,0.54,0.545,0.545,0.55,0.55,0.555,0.56,0.565,0.565,0.575,0.575,0.58,0.605,0.64,0.65,0.135,0.16,0.21,0.28,0.28,0.285,0.29,0.29,0.29,0.32,0.325,0.335,0.35,0.35,0.355,0.36,0.36,0.375,0.375,0.395,0.405,0.415,0.425,0.43,0.435,0.46,0.47,0.475,0.51,0.255,0.27,0.28,0.285,0.32,0.325,0.385,0.395,0.405,0.415,0.42,0.44,0.445,0.465,0.48,0.49,0.55,0.405,0.37,0.41,0.325,0.455,0.385,0.13,0.18,0.31,0.455,0.475,0.4,0.32,0.46,0.28,0.38,0.165,0.19,0.215,0.32,0.215,0.43,0.26,0.37,0.405,0.27,0.275,0.33,0.355,0.275,0.46,0.355,0.59,0.485,0.435,0.405,0.42,0.33,0.325,0.34,0.415,0.495,0.315,0.4,0.395,0.48,0.42,0.31,0.255,0.17,0.56,0.42,0.435,0.535,0.415,0.525,0.47,0.515,0.3,0.625,0.61,0.625,0.635,0.5,0.445+ ,0.44,0.555,0.655,0.625,0.62,0.5,0.42,0.52,0.575,0.565,0.52,0.635,0.335,0.275,0.325,0.275,0.235,0.25,0.25,0.2,0.355,0.42,0.285,0.3,0.31,0.34,0.375,0.415,0.415,0.415,0.42,0.425,0.47,0.475,0.505,0.66,0.205,0.225,0.23,0.275,0.28,0.28,0.295,0.31,0.315,0.34,0.37,0.38,0.39,0.405,0.415,0.44,0.44,0.44,0.44,0.45,0.45,0.46,0.46,0.465,0.475,0.475,0.5,0.505,0.22,0.275,0.29,0.33,0.355,0.375,0.415,0.425,0.425,0.43,0.44,0.44,0.46,0.46,0.465,0.475,0.475,0.485,0.49,0.495,0.5,0.51,0.51,0.515,0.52,0.55,0.555,0.19,0.21,0.25,0.29,0.335,0.34,0.345,0.355,0.36,0.37,0.375,0.375,0.385,0.385,0.395,0.4,0.405,0.405,0.405,0.405,0.41,0.41,0.415,0.42,0.42,0.43,0.445,0.45,0.455,0.46,0.46,0.475,0.485,0.485,0.49,0.505,0.505,0.51,0.515,0.525,0.525,0.525,0.55,0.55,0.55,0.55,0.55,0.555,0.56,0.56,0.565,0.585,0.585,0.24,0.255,0.275,0.32,0.325,0.33,0.36,0.375,0.375,0.39,0.45,0.455,0.46,0.495,0.5,0.52,0.31,0.315,0.32,0.325,0.335,0.37,0.37,0.375,0.4,0.41,0.425,0.435,0.445,0.46,0.47,0.475,0.495,0.5,0.5,0.505,0.505,0.51,0.51,0.52,0.53,0.54,0.54,0.545,0.545,0.55,0.55,0.56,0.56,0.575,0.585,0.59,0.59,0.6,0.605,0.61,0.61,0.67,0.32,0.43,0.43,0.5,0.535,0.595,0.255,0.375,0.375,0.39,0.39,0.395,0.42,0.435,0.435,0.44,0.45,0.45,0.455,0.46,0.47,0.475,0.495,0.495,0.5,0.515,0.52,0.52,0.525,0.535,0.55,0.55,0.565,0.575,0.575,0.59,0.62,0.225,0.23,0.255,0.355,0.425,0.425,0.29,0.3,0.37,0.375,0.38,0.395,0.41,0.415,0.425,0.44,0.44,0.335,0.18,0.215,0.2,0.275,0.51,0.27,0.2,0.325,0.31,0.295,0.48,0.32,0.43,0.44,0.42,0.345,0.455,0.43,0.3,0.6,0.41,0.485,0.45,0.49,0.375,0.55,0.635,0.575,0.44,0.45,0.39,0.66,0.54,0.495,0.47,0.49,0.47,0.445,0.475,0.435,0.39,0.375,0.58,0.54,0.44,0.59,0.61,0.61,0.44,0.31,0.255,0.295,0.19,0.35,0.34,0.35,0.35,0.39,0.395,0.415,0.43,0.48,0.25,0.28,0.325,0.35,0.36,0.365,0.37,0.375,0.38,0.395,0.43,0.44,0.465,0.485,0.495,0.5,0.165,0.21,0.355,0.4,0.4,0.4,0.435,0.44,0.45,0.465,0.47,0.47,0.475,0.485,0.51,0.52,0.215,0.24,0.26,0.32,0.33,0.335,0.35,0.35,0.36,0.36,0.365,0.38,0.4,0.4,0.4,0.425,0.43,0.435,0.445,0.45,0.455,0.46,0.475,0.475,0.475,0.48,0.5,0.515,0.525,0.53,0.53,0.535,0.54,0.55,0.57,0.575,0.575,0.58,0.58,0.58,0.63,0.175,0.37,0.395,0.42,0.455,0.495,0.27,0.285,0.295,0.3,0.3,0.36,0.37,0.39,0.435,0.44,0.44,0.445,0.465,0.465,0.47,0.475,0.475,0.475,0.485,0.49,0.515,0.52,0.525,0.53,0.53,0.53,0.535,0.55,0.55,0.55,0.555,0.575,0.575,0.585,0.595,0.62,0.625,0.63,0.235,0.35,0.36,0.38,0.465,0.47,0.5,0.51,0.275,0.285,0.36,0.385,0.4,0.43,0.435,0.45,0.475,0.475,0.485,0.51,0.515,0.52,0.525,0.53,0.53,0.535,0.535,0.565,0.575,0.58,0.59,0.62,0.205,0.305,0.32,0.355,0.425,0.525,0.35,0.38,0.46,0.17,0.335,0.37,0.335,0.32,0.33,0.38,0.29,0.41,0.435,0.14,0.16,0.48,0.455,0.355,0.52,0.54,0.52,0.56,0.615,0.565,0.525,0.58,0.5,0.725,0.55,0.235,0.235,0.235,0.315,0.465,0.49,0.27,0.27,0.295,0.295,0.315,0.375,0.38,0.385,0.4,0.415,0.42,0.44,0.45,0.475,0.58,0.185,0.245,0.315,0.36,0.375,0.415,0.455,0.48,0.485,0.51,0.275,0.33,0.33,0.365,0.365,0.42,0.435,0.435,0.44,0.485,0.495,0.52,0.54,0.54,0.55,0.56,0.575,0.545,0.37,0.395,0.4,0.41,0.455,0.48,0.485,0.5,0.515,0.52,0.545,0.55,0.555,0.565,0.595,0.42,0.48,0.515,0.56,0.3,0.455,0.46,0.49,0.5,0.54,0.55,0.57,0.58,0.585,0.28,0.33,0.35,0.37,0.43,0.435,0.44,0.48,0.39,0.39,0.405,0.475),
+   x_d = c(0.255,0.3,0.28,0.275,0.175,0.15,0.15,0.295,0.245,0.41,0.19,0.235,0.265,0.32,0.295,0.28,0.195,0.275,0.29,0.26,0.2,0.205,0.13,0.13,0.16,0.26,0.21,0.245,0.16,0.275,0.3,0.34,0.28,0.3,0.38,0.27,0.215,0.35,0.225,0.055,0.1,0.09,0.12,0.2,0.175,0.23,0.255,0.26,0.245,0.275,0.245,0.27,0.25,0.195,0.285,0.215,0.205,0.21,0.145,0.12,0.355,0.255,0.21,0.145,0.205,0.275,0.255,0.28,0.22,0.175,0.26,0.305,0.375,0.325,0.295,0.275,0.31,0.345,0.38,0.225,0.2,0.345,0.275,0.305,0.275,0.26,0.295,0.28,0.31,0.185,0.165,0.195,0.125,0.34,0.445,0.53,0.26,0.42,0.37,0.37,0.38,0.405,0.425,0.515,0.49,0.44,0.37,0.39,0.385,0.405,0.4,0.4,0.355,0.33,0.35,0.345,0.475,0.425,0.445,0.425,0.355,0.39,0.425,0.4,0.41,0.455,0.47,0.495,0.42,0.345,0.39,0.345,0.37,0.37,0.35,0.38,0.36,0.415,0.365,0.36,0.345,0.485,0.33,0.35,0.245,0.35,0.49,0.525,0.45,0.355,0.275,0.19,0.11,0.23,0.105,0.225,0.25,0.205,0.2,0.205,0.19,0.125,0.1,0.11,0.375,0.28,0.155,0.275,0.205,0.175,0.185,0.24,0.25,0.25,0.27,0.25,0.3,0.275,0.275,0.275,0.29,0.3,0.29,0.29,0.31,0.325,0.32,0.325,0.365,0.335,0.325,0.35,0.365,0.355,0.14,0.175,0.175,0.19,0.18,0.195,0.12,0.23,0.235,0.23,0.22,0.235,0.23,0.24,0.24,0.265,0.25,0.25,0.25,0.25,0.265,0.29,0.28,0.28,0.265,0.31,0.305,0.31,0.33,0.32,0.315,0.34,0.315,0.325,0.325,0.325,0.34,0.345,0.325,0.35,0.36,0.355,0.345,0.335,0.355,0.375,0.36,0.345,0.365,0.37,0.345,0.385,0.39,0.355,0.375,0.405,0.13,0.15,0.135,0.155,0.165,0.18,0.18,0.195,0.195,0.21,0.22,0.22,0.235,0.225,0.265,0.28,0.28,0.275,0.29,0.32,0.3,0.3,0.325,0.3,0.32,0.31,0.325,0.33,0.345,0.33,0.345,0.34,0.335,0.365,0.34,0.33,0.33,0.33,0.35,0.38,0.35,0.35,0.38,0.375,0.375,0.38,0.405,0.4,0.38,0.385,0.38,0.38,0.4,0.4,0.395,0.4,0.39,0.42,0.44,0.435,0.5,0.375,0.205,0.185,0.19,0.195,0.215,0.225,0.23,0.23,0.225,0.25,0.205,0.245,0.25,0.255,0.255,0.27,0.255,0.27,0.27,0.27,0.265,0.29,0.28,0.29,0.29,0.275,0.275,0.28,0.27,0.275,0.27,0.29,0.28,0.3,0.28,0.3,0.305,0.295,0.27,0.29,0.285,0.335,0.305,0.325,0.32,0.31,0.34,0.315,0.315,0.34,0.33,0.345,0.33,0.36,0.35,0.34,0.365,0.355,0.355,0.355,0.38,0.36,0.37,0.355,0.365,0.355,0.38,0.38,0.375,0.41,0.375,0.395,0.405,0.38,0.395,0.38,0.42,0.4,0.4,0.395,0.4,0.415,0.42,0.415,0.425,0.4,0.415,0.42,0.435,0.43,0.405,0.43,0.435,0.425,0.43,0.43,0.425,0.425,0.425,0.455,0.44,0.45,0.45,0.44,0.475,0.445,0.475,0.485,0.435,0.465,0.505,0.475,0.105,0.165,0.265,0.255,0.27,0.28,0.3,0.295,0.29,0.3,0.31,0.29,0.3,0.32,0.34,0.34,0.34,0.365,0.335,0.355,0.345,0.35,0.355,0.365,0.36,0.38,0.395,0.4,0.43,0.475,0.17,0.21,0.215,0.23,0.225,0.255,0.26,0.27,0.26,0.27,0.275,0.265,0.27,0.27,0.28,0.285,0.29,0.29,0.28,0.3,0.3,0.285,0.29,0.3,0.3,0.325,0.325,0.315,0.335,0.325,0.34,0.335,0.36,0.35,0.355,0.37,0.345,0.355,0.36,0.36,0.37,0.37,0.375,0.375,0.4,0.37,0.4,0.4,0.39,0.375,0.395,0.36,0.35,0.395,0.39,0.41,0.39,0.39,0.38,0.4,0.42,0.43,0.4,0.42,0.4,0.43,0.425,0.43,0.42,0.425,0.425,0.4,0.375,0.42,0.425,0.42,0.415,0.425,0.395,0.435,0.46,0.445,0.44,0.42,0.435,0.43,0.445,0.445,0.425,0.45,0.445,0.45,0.445,0.45,0.46,0.46,0.48,0.47,0.465,0.485,0.49,0.47,0.45,0.47,0.485,0.5,0.175,0.245,0.3,0.335,0.325,0.345,0.325,0.365,0.345,0.385,0.42,0.45,0.45,0.135,0.18,0.215,0.26,0.265,0.27,0.275,0.27,0.31,0.3,0.315,0.335,0.31,0.31,0.31,0.325,0.34,0.335,0.33,0.33,0.345,0.33,0.37,0.375,0.34,0.385,0.36,0.37,0.38,0.38,0.375,0.38,0.405,0.4,0.415,0.42,0.41,0.415,0.395,0.38,0.385,0.415,0.405,0.4,0.43,0.43,0.395,0.405,0.455,0.395,0.39,0.425,0.43,0.435,0.45,0.45,0.445,0.435,0.46,0.45,0.45,0.44,0.49,0.49,0.52,0.13,0.11,0.15,0.21,0.2,0.215,0.21,0.21,0.21,0.24,0.25,0.25,0.235,0.25,0.27,0.27,0.27,0.28,0.275,0.29,0.25,0.325,0.315,0.32,0.325,0.35,0.375,0.365,0.455,0.19,0.195,0.215,0.215,0.255,0.24,0.28,0.295,0.31,0.305,0.315,0.305,0.32,0.355,0.35,0.37,0.42,0.305,0.29,0.31,0.25,0.355,0.29,0.095,0.13,0.225,0.37,0.36,0.31,0.24,0.35,0.2,0.28,0.115,0.13,0.15,0.235,0.17,0.325,0.215,0.28,0.305,0.19,0.22,0.26,0.28,0.2,0.335,0.28,0.45,0.415,0.345,0.315,0.33,0.265,0.27,0.26,0.325,0.385,0.24,0.31,0.325,0.39,0.345,0.24,0.185,0.125,0.44,0.325,0.335,0.41,0.325,0.43,0.35,0.375,0.22,0.46,0.475,0.465,0.505,0.385,0.33,0.355,0.455,0.515,0.43,0.485,0.395,0.305,0.415,0.45,0+ .435,0.38,0.5,0.24,0.205,0.2,0.2,0.17,0.18,0.185,0.145,0.26,0.31,0.21,0.23,0.24,0.255,0.3,0.325,0.315,0.315,0.32,0.31,0.37,0.365,0.39,0.525,0.15,0.17,0.18,0.195,0.21,0.22,0.22,0.225,0.235,0.265,0.29,0.285,0.295,0.31,0.325,0.335,0.345,0.325,0.355,0.35,0.35,0.345,0.345,0.355,0.385,0.355,0.38,0.385,0.16,0.205,0.21,0.24,0.285,0.29,0.315,0.33,0.34,0.32,0.34,0.335,0.345,0.37,0.355,0.365,0.375,0.375,0.375,0.38,0.39,0.395,0.385,0.4,0.395,0.42,0.425,0.14,0.15,0.175,0.215,0.25,0.245,0.255,0.255,0.26,0.275,0.29,0.275,0.3,0.285,0.32,0.305,0.305,0.31,0.305,0.3,0.315,0.325,0.335,0.325,0.315,0.34,0.36,0.335,0.34,0.35,0.345,0.355,0.38,0.365,0.365,0.385,0.38,0.385,0.39,0.385,0.4,0.375,0.43,0.425,0.42,0.425,0.465,0.435,0.44,0.435,0.43,0.46,0.42,0.17,0.195,0.2,0.235,0.24,0.225,0.27,0.265,0.285,0.29,0.335,0.35,0.365,0.375,0.375,0.395,0.23,0.235,0.205,0.25,0.26,0.28,0.27,0.28,0.315,0.305,0.34,0.335,0.31,0.36,0.385,0.375,0.375,0.39,0.37,0.425,0.4,0.4,0.4,0.4,0.38,0.425,0.415,0.43,0.43,0.435,0.425,0.43,0.435,0.455,0.45,0.46,0.475,0.445,0.48,0.425,0.49,0.485,0.215,0.345,0.33,0.37,0.4,0.43,0.185,0.26,0.285,0.3,0.28,0.3,0.32,0.335,0.325,0.32,0.33,0.34,0.355,0.37,0.375,0.375,0.33,0.375,0.38,0.385,0.41,0.395,0.4,0.42,0.405,0.445,0.44,0.43,0.445,0.47,0.475,0.17,0.17,0.185,0.27,0.31,0.32,0.215,0.22,0.275,0.285,0.29,0.3,0.325,0.32,0.325,0.34,0.34,0.26,0.135,0.165,0.15,0.2,0.405,0.195,0.145,0.245,0.235,0.215,0.38,0.25,0.34,0.35,0.325,0.285,0.375,0.35,0.23,0.445,0.3,0.355,0.355,0.385,0.28,0.415,0.48,0.475,0.34,0.36,0.3,0.525,0.435,0.38,0.4,0.385,0.375,0.345,0.365,0.34,0.3,0.285,0.445,0.405,0.31,0.465,0.48,0.46,0.33,0.235,0.19,0.21,0.13,0.265,0.25,0.28,0.265,0.315,0.31,0.31,0.32,0.355,0.18,0.21,0.24,0.265,0.27,0.27,0.28,0.285,0.275,0.3,0.335,0.35,0.37,0.37,0.4,0.385,0.12,0.15,0.265,0.315,0.29,0.3,0.335,0.33,0.34,0.345,0.355,0.355,0.42,0.37,0.405,0.38,0.15,0.185,0.205,0.24,0.23,0.26,0.26,0.265,0.265,0.265,0.275,0.285,0.31,0.315,0.265,0.325,0.325,0.34,0.355,0.35,0.435,0.34,0.355,0.36,0.35,0.355,0.365,0.4,0.39,0.405,0.42,0.41,0.41,0.425,0.42,0.455,0.44,0.46,0.46,0.47,0.465,0.125,0.285,0.3,0.325,0.37,0.375,0.205,0.225,0.22,0.225,0.22,0.265,0.275,0.29,0.325,0.34,0.32,0.345,0.37,0.355,0.345,0.365,0.335,0.35,0.365,0.39,0.405,0.415,0.405,0.425,0.42,0.395,0.45,0.415,0.45,0.4,0.43,0.45,0.44,0.46,0.47,0.47,0.485,0.49,0.13,0.25,0.25,0.28,0.36,0.355,0.395,0.375,0.205,0.205,0.265,0.29,0.315,0.33,0.375,0.335,0.355,0.36,0.37,0.395,0.39,0.41,0.4,0.395,0.41,0.4,0.45,0.43,0.45,0.42,0.45,0.48,0.155,0.23,0.23,0.27,0.31,0.4,0.26,0.275,0.34,0.105,0.25,0.275,0.255,0.235,0.25,0.3,0.225,0.33,0.355,0.105,0.12,0.39,0.365,0.27,0.405,0.4,0.39,0.445,0.46,0.43,0.4,0.42,0.38,0.55,0.44,0.18,0.175,0.175,0.235,0.355,0.385,0.205,0.19,0.22,0.22,0.23,0.29,0.3,0.285,0.295,0.33,0.32,0.33,0.35,0.35,0.435,0.135,0.175,0.23,0.27,0.28,0.31,0.35,0.35,0.375,0.39,0.2,0.245,0.26,0.28,0.27,0.31,0.335,0.325,0.325,0.365,0.385,0.41,0.42,0.415,0.445,0.44,0.45,0.405,0.275,0.31,0.3,0.305,0.335,0.335,0.375,0.36,0.395,0.4,0.43,0.435,0.43,0.465,0.475,0.305,0.35,0.4,0.42,0.215,0.35,0.365,0.375,0.385,0.415,0.445,0.425,0.425,0.47,0.215,0.23,0.25,0.28,0.315,0.33,0.35,0.355,0.31,0.29,0.3,0.365),
+   x_h = c(0.08,0.095,0.085,0.1,0.045,0.055,0.05,0.095,0.07,0.12,0.06,0.07,0.095,0.08,0.085,0.08,0.06,0.09,0.085,0.095,0.065,0.08,0.055,0.095,0.04,0.09,0.06,0.085,0.045,0.085,0.11,0.11,0.095,0.12,0.105,0.085,0.075,0.135,0.08,0.01,0.03,0.03,0.035,0.07,0.065,0.08,0.085,0.085,0.08,0.085,0.075,0.11,0.105,0.06,0.105,0.085,0.075,0.085,0.06,0.03,0.11,0.095,0.06,0.04,0.07,0.09,0.1,0.09,0.08,0.04,0.08,0.115,0.12,0.1,0.095,0.095,0.1,0.12,0.12,0.07,0.07,0.1,0.095,0.095,0.11,0.1,0.1,0.105,0.11,0.07,0.055,0.07,0.05,0.12,0.155,0.185,0.115,0.185,0.12,0.14,0.13,0.14,0.18,0.16,0.155,0.165,0.12,0.125,0.15,0.15,0.145,0.12,0.13,0.125,0.14,0.135,0.15,0.14,0.15,0.15,0.14,0.125,0.17,0.15,0.175,0.18,0.14,0.145,0.145,0.115,0.14,0.125,0.13,0.125,0.145,0.14,0.105,0.145,0.115,0.13,0.12,0.18,0.12,0.12,0.09,0.13,0.195,0.18,0.17,0.12,0.1,0.075,0.02,0.09,0.05,0.09,0.08,0.055,0.065,0.07,0.06,0.035,0.025,0.025,0.14,0.125,0.06,0.1,0.07,0.055,0.06,0.085,0.08,0.08,0.09,0.07,0.085,0.135,0.14,0.095,0.095,0.1,0.095,0.095,0.1,0.1,0.11,0.1,0.115,0.1,0.1,0.13,0.125,0.105,0.05,0.055,0.065,0.05,0.055,0.06,0.075,0.08,0.08,0.095,0.07,0.075,0.07,0.09,0.075,0.085,0.075,0.075,0.075,0.07,0.1,0.095,0.095,0.09,0.08,0.09,0.09,0.09,0.09,0.115,0.1,0.1,0.1,0.1,0.09,0.12,0.115,0.13,0.09,0.13,0.13,0.105,0.11,0.105,0.125,0.12,0.1,0.105,0.115,0.115,0.11,0.12,0.15,0.125,0.1,0.135,0.045,0.045,0.04,0.04,0.055,0.065,0.065,0.055,0.065,0.085,0.065,0.08,0.055,0.085,0.08,0.1,0.08,0.1,0.08,0.095,0.11,0.1,0.1,0.105,0.11,0.095,0.115,0.11,0.115,0.11,0.105,0.145,0.11,0.125,0.12,0.105,0.1,0.11,0.115,0.125,0.11,0.1,0.125,0.14,0.12,0.125,0.125,0.125,0.115,0.125,0.135,0.125,0.13,0.14,0.12,0.125,0.125,0.14,0.15,0.13,0.17,0.12,0.06,0.065,0.065,0.09,0.065,0.07,0.08,0.07,0.075,0.095,0.095,0.09,0.09,0.095,0.085,0.075,0.09,0.085,0.085,0.085,0.085,0.09,0.085,0.095,0.085,0.09,0.095,0.08,0.085,0.11,0.08,0.09,0.085,0.095,0.09,0.095,0.105,0.095,0.1,0.1,0.09,0.11,0.09,0.11,0.1,0.09,0,0.095,0.11,0.12,0.105,0.105,0.1,0.105,0.105,0.11,0.1,0.18,0.12,0.1,0.12,0.11,0.125,0.115,0.1,0.12,0.13,0.135,0.145,0.14,0.125,0.14,0.13,0.12,0.105,0.12,0.135,0.135,0.13,0.125,0.125,0.13,0.155,0.11,0.13,0.135,0.15,0.14,0.135,0.15,0.135,0.145,0.14,0.135,0.155,0.14,0.145,0.135,0.145,0.145,0.175,0.145,0.135,0.13,0.16,0.135,0.15,0.15,0.13,0.15,0.18,0.145,0.035,0.06,0.135,0.08,0.095,0.085,0.09,0.09,0.11,0.09,0.095,0.09,0.105,0.095,0.105,0.105,0.105,0.11,0.135,0.11,0.14,0.125,0.12,0.115,0.125,0.12,0.125,0.125,0.13,0.13,0.045,0.055,0.07,0.085,0.09,0.08,0.075,0.075,0.09,0.095,0.075,0.075,0.085,0.095,0.08,0.095,0.1,0.09,0.095,0.09,0.09,0.1,0.1,0.09,0.09,0.1,0.11,0.08,0.1,0.11,0.095,0.11,0.115,0.11,0.11,0.12,0.11,0.125,0.145,0.125,0.125,0.12,0.13,0.115,0.135,0.125,0.105,0.12,0.12,0.14,0.13,0.125,0.105,0.125,0.125,0.145,0.13,0.12,0.135,0.14,0.12,0.135,0.145,0.13,0.13,0.17,0.14,0.14,0.14,0.13,0.135,0.13,0.12,0.125,0.15,0.135,0.145,0.15,0.13,0.14,0.145,0.15,0.13,0.155,0.17,0.145,0.155,0.145,0.135,0.125,0.17,0.135,0.125,0.145,0.145,0.15,0.17,0.145,0.125,0.18,0.16,0.14,0.135,0.155,0.15,0.165,0.09,0.1,0.12,0.105,0.135,0.11,0.14,0.105,0.16,0.18,0.165,0.13,0.15,0.04,0.055,0.075,0.085,0.08,0.085,0.085,0.075,0.105,0.09,0.095,0.105,0.09,0.1,0.095,0.1,0.1,0.1,0.11,0.105,0.12,0.11,0.11,0.12,0.105,0.13,0.12,0.115,0.135,0.145,0.14,0.11,0.13,0.145,0.135,0.15,0.11,0.14,0.125,0.115,0.115,0.12,0.145,0.145,0.14,0.16,0.13,0.12,0.14,0.135,0.125,0.14,0.14,0.14,0.13,0.175,0.165,0.145,0.155,0.135,0.135,0.145,0.165,0.135,0.15,0.04,0.025,0.055,0.075,0.065,0.06,0.07,0.06,0.065,0.07,0.07,0.08,0.08,0.07,0.105,0.085,0.085,0.08,0.085,0.095,0.09,0.11,0.095,0.11,0.12,0.11,0.105,0.12,0.135,0.06,0.065,0.08,0.07,0.085,0.07,0.1,0.1,0.09,0.12,0.115,0.115,0.12,0.09,0.135,0.11,0.115,0.09,0.1,0.11,0.055,0.08,0.09,0.035,0.045,0.05,0.125,0.11,0.1,0.075,0.11,0.075,0.085,0.015,0.03,0.03,0.08,0.055,0.11,0.08,0.09,0.105,0.08,0.08,0.08,0.11,0.075,0.11,0.1,0.16,0.14,0.12,0.105,0.1,0.09,0.1,0.09,0.1,0.125,0.07,0.1,0.105,0.145,0.115,0.09,0.07,0.055,0.17,0.115,0.11,0.155,0.115,0.15,0.135,0.14,0.09,0.16,0.17,0.155,0.19,0.155,0.1,0.165,0.17,0.145,0.175,0.17,0.12,0.11,0.16,0.17,0.155,0.14,0.18,0+ .095,0.08,0.08,0.065,0.065,0.06,0.065,0.05,0.09,0.1,0.07,0.075,0.105,0.075,0.075,0.1,0.105,0.09,0.1,0.105,0.11,0.12,0.185,0.215,0.065,0.07,0.05,0.07,0.055,0.08,0.07,0.075,0.07,0.07,0.08,0.085,0.1,0.065,0.1,0.11,0.115,0.1,0.12,0.125,0.12,0.12,0.115,0.11,0.11,0.105,0.11,0.12,0.05,0.07,0.06,0.075,0.095,0.1,0.1,0.115,0.1,0.1,0.1,0.115,0.11,0.12,0.105,0.1,0.115,0.13,0.125,0.12,0.125,0.155,0.15,0.125,0.135,0.13,0.13,0.03,0.045,0.06,0.065,0.08,0.085,0.095,0.08,0.08,0.09,0.14,0.095,0.125,0.085,0.1,0.1,0.1,0.11,0.1,0.09,0.1,0.11,0.1,0.115,0.11,0.11,0.11,0.095,0.115,0.1,0.105,0.115,0.125,0.14,0.125,0.125,0.135,0.145,0.11,0.13,0.13,0.12,0.145,0.145,0.155,0.135,0.15,0.145,0.14,0.135,0.15,0.145,0.145,0.05,0.055,0.055,0.09,0.075,0.075,0.09,0.095,0.09,0.09,0.105,0.105,0.115,0.12,0.12,0.145,0.07,0.075,0.08,0.075,0.09,0.085,0.09,0.085,0.09,0.095,0.1,0.095,0.09,0.14,0.13,0.11,0.12,0.13,0.12,0.125,0.125,0.145,0.125,0.11,0.125,0.13,0.11,0.13,0.15,0.165,0.13,0.13,0.13,0.16,0.135,0.125,0.145,0.135,0.155,0.155,0.16,0.175,0.095,0.115,0.1,0.115,0.135,0.165,0.065,0.08,0.09,0.1,0.09,0.09,0.11,0.105,0.105,0.105,0.115,0.125,0.105,0.11,0.125,0.11,0.1,0.115,0.135,0.125,0.14,0.115,0.11,0.145,0.15,0.145,0.135,0.13,0.16,0.145,0.16,0.05,0.05,0.06,0.075,0.095,0.085,0.06,0.065,0.1,0.08,0.085,0.12,0.105,0.115,0.105,0.1,0.12,0.09,0.08,0.055,0.04,0.065,0.12,0.07,0.025,0.075,0.075,0.075,0.125,0.08,0.125,0.12,0.125,0.1,0.125,0.105,0.075,0.175,0.115,0.12,0.115,0.14,0.1,0.135,0.2,0.17,0.125,0.125,0.105,0.18,0.145,0.145,0.16,0.115,0.105,0.13,0.14,0.11,0.1,0.1,0.17,0.15,0.115,0.195,0.165,0.17,0.135,0.09,0.07,0.08,0.045,0.11,0.075,0.075,0.08,0.09,0.095,0.105,0.1,0.115,0.065,0.065,0.075,0.095,0.09,0.105,0.09,0.09,0.095,0.09,0.105,0.125,0.1,0.1,0.145,0.11,0.05,0.055,0.085,0.085,0.1,0.11,0.11,0.11,0.105,0.105,0.145,0.115,0.16,0.115,0.13,0.13,0.055,0.06,0.07,0.085,0.085,0.085,0.09,0.085,0.075,0.09,0.09,0.09,0.115,0.09,0.1,0.11,0.105,0.12,0.095,0.11,0.11,0.09,0.125,0.135,0.115,0.125,0.125,0.135,0.105,0.13,0.13,0.13,0.135,0.155,0.13,0.155,0.125,0.14,0.14,0.15,0.15,0.04,0.095,0.09,0.11,0.11,0.115,0.05,0.07,0.085,0.075,0.065,0.085,0.095,0.09,0.1,0.105,0.095,0.12,0.115,0.12,0.12,0.105,0.1,0.125,0.125,0.12,0.13,0.14,0.125,0.13,0.14,0.125,0.155,0.15,0.14,0.135,0.15,0.145,0.15,0.14,0.135,0.155,0.16,0.17,0.075,0.1,0.115,0.095,0.105,0.12,0.145,0.15,0.065,0.07,0.085,0.1,0.1,0.095,0.11,0.115,0.135,0.11,0.14,0.105,0.12,0.14,0.14,0.115,0.15,0.145,0.135,0.125,0.145,0.14,0.125,0.18,0.045,0.075,0.06,0.1,0.095,0.125,0.095,0.095,0.1,0.035,0.095,0.085,0.085,0.065,0.075,0.1,0.075,0.105,0.125,0.035,0.02,0.15,0.135,0.1,0.14,0.145,0.14,0.165,0.19,0.135,0.14,0.16,0.155,0.22,0.165,0.06,0.08,0.065,0.08,0.12,0.12,0.075,0.06,0.07,0.065,0.07,0.095,0.09,0.09,0.095,0.1,0.115,0.135,0.135,0.12,0.15,0.045,0.055,0,0.09,0.08,0.095,0.135,0.105,0.125,0.125,0.07,0.065,0.085,0.09,0.09,0.1,0.11,0.1,0.11,0.09,0.125,0.14,0.14,0.155,0.125,0.155,0.15,0.13,0.08,0.085,0.115,0.1,0.105,0.125,0.11,0.12,0.125,0.14,0.14,0.125,0.125,0.15,0.155,0.1,0.1,0.14,0.14,0.05,0.13,0.11,0.115,0.12,0.135,0.11,0.14,0.145,0.17,0.07,0.08,0.075,0.09,0.115,0.095,0.11,0.11,0.085,0.1,0.085,0.115),
+ 
+   x_whole = c(0.205,0.3515,0.2905,0.2255,0.07,0.042,0.042,0.203,0.161,0.595,0.086,0.151,0.2315,0.3325,0.2535,0.1755,0.073,0.238,0.2505,0.211,0.0975,0.127,0.0315,0.03,0.048,0.1785,0.125,0.1435,0.0465,0.22,0.315,0.3795,0.2655,0.324,0.3265,0.205,0.1155,0.435,0.124,0.002,0.013,0.008,0.021,0.1,0.0645,0.1275,0.1655,0.174,0.1585,0.1975,0.156,0.2135,0.1715,0.095,0.2415,0.128,0.1105,0.1065,0.037,0.0215,0.4585,0.172,0.0965,0.038,0.1055,0.251,0.1755,0.2255,0.121,0.0705,0.2,0.2715,0.471,0.3215,0.25,0.1995,0.302,0.365,0.529,0.101,0.092,0.366,0.217,0.252,0.2335,0.192,0.2715,0.199,0.2965,0.0715,0.0545,0.0735,0.0235,0.3575,0.8735,1.1095,0.218,0.752,0.4705,0.4985,0.454,0.5775,0.875,1.1625,0.9885,0.8,0.514,0.591,0.6265,0.795,0.66,0.659,0.581,0.406,0.474,0.443,0.9665,0.9175,0.8865,0.806,0.4935,0.6655,0.6805,0.745,0.874,0.8525,0.939,1.054,0.926,0.4885,0.5555,0.425,0.458,0.4775,0.525,0.673,0.498,0.944,0.49,0.5225,0.487,1.1785,0.347,0.4885,0.1665,0.466,1.3165,1.626,0.781,0.412,0.2295,0.0865,0.019,0.1285,0.0175,0.1105,0.176,0.1135,0.1035,0.0975,0.0765,0.0265,0.015,0.018,0.521,0.244,0.0525,0.22,0.1015,0.067,0.088,0.1715,0.1735,0.183,0.2055,0.18,0.27,0.24,0.2215,0.1375,0.312,0.2895,0.319,0.304,0.306,0.394,0.3735,0.398,0.501,0.4895,0.378,0.547,0.5465,0.498,0.046,0.0705,0.0665,0.083,0.083,0.092,0.117,0.1625,0.131,0.1385,0.141,0.1485,0.144,0.1575,0.187,0.196,0.1825,0.186,0.1785,0.2225,0.2455,0.249,0.2865,0.215,0.251,0.339,0.3535,0.3335,0.3595,0.376,0.3435,0.382,0.377,0.3645,0.425,0.3995,0.3925,0.4495,0.35,0.4195,0.478,0.4445,0.47,0.447,0.5325,0.497,0.4635,0.449,0.467,0.534,0.4415,0.56,0.685,0.601,0.5785,0.769,0.029,0.0375,0.0325,0.0435,0.059,0.071,0.0685,0.084,0.106,0.1075,0.096,0.1255,0.151,0.1415,0.2015,0.221,0.2345,0.2325,0.2485,0.348,0.32,0.282,0.3245,0.316,0.3625,0.279,0.3685,0.413,0.418,0.3705,0.409,0.434,0.411,0.462,0.4925,0.3715,0.411,0.3685,0.4155,0.4845,0.4565,0.4545,0.6245,0.5495,0.542,0.519,0.6795,0.5575,0.5155,0.6115,0.5395,0.5545,0.6455,0.601,0.608,0.617,0.599,0.6665,0.755,0.805,1.2975,0.4645,0.0765,0.0685,0.0835,0.1125,0.1075,0.1055,0.1375,0.1145,0.139,0.2085,0.1595,0.2015,0.179,0.1945,0.2005,0.215,0.1785,0.196,0.1875,0.196,0.213,0.2445,0.217,0.213,0.2385,0.218,0.2465,0.2025,0.218,0.256,0.2105,0.2615,0.2175,0.302,0.228,0.3265,0.284,0.2725,0.2985,0.2675,0.2645,0.33,0.328,0.3335,0.3055,0.301,0.428,0.378,0.3685,0.438,0.448,0.4005,0.372,0.466,0.3705,0.346,0.411,0.48,0.393,0.5035,0.441,0.492,0.5435,0.4725,0.461,0.4965,0.5125,0.594,0.5795,0.6615,0.5695,0.6215,0.6015,0.594,0.551,0.625,0.711,0.6965,0.5825,0.663,0.6965,0.694,0.81,0.5745,0.7675,0.6025,0.5765,0.7265,0.7715,0.7285,0.5945,0.7895,0.7535,0.7305,0.7395,0.7665,0.7905,0.8205,0.688,0.974,0.8735,0.751,0.794,0.7665,1.0505,0.7715,1.12,1.238,0.9025,0.9605,1.272,1.0605,0.014,0.0515,0.2215,0.1985,0.232,0.3155,0.247,0.3025,0.329,0.2815,0.3425,0.2825,0.304,0.2905,0.389,0.4405,0.369,0.4465,0.501,0.436,0.4615,0.4315,0.3685,0.459,0.542,0.4725,0.556,0.5625,0.7045,0.8425,0.0475,0.101,0.121,0.117,0.1465,0.168,0.18,0.1775,0.1985,0.2,0.2205,0.1845,0.2225,0.2175,0.2165,0.243,0.237,0.2365,0.257,0.308,0.252,0.281,0.2225,0.304,0.28,0.313,0.317,0.303,0.3295,0.367,0.3245,0.4195,0.457,0.4,0.4255,0.4365,0.393,0.499,0.6325,0.4905,0.474,0.536,0.6025,0.4615,0.624,0.4715,0.602,0.616,0.5955,0.559,0.6025,0.4725,0.4745,0.6635,0.5705,0.646,0.5545,0.664,0.615,0.654,0.5965,0.6255,0.555,0.8365,0.657,0.836,0.742,0.8195,0.6275,0.7205,0.686,0.686,0.543,0.717,0.639,0.816,0.7815,0.7665,0.5585,0.765,0.9005,0.8225,0.7235,0.743,0.848,0.833,0.867,0.7405,0.7965,0.78,0.8015,0.807,0.7095,1.022,0.9015,0.8335,0.9175,0.8025,0.9225,1.154,1.066,0.8565,0.924,1.1955,1.044,1.489,0.2315,0.394,0.5965,0.422,0.82,0.434,0.7615,0.5205,0.869,1.0835,0.8935,0.8145,0.8915,0.027,0.0555,0.1275,0.1885,0.2,0.197,0.223,0.2215,0.2665,0.269,0.2805,0.3305,0.2815,0.2805,0.311,0.368,0.3405,0.3245,0.38,0.335,0.3215,0.358,0.445,0.487,0.4535,0.568,0.5155,0.457,0.5095,0.5,0.494,0.5605,0.599,0.7045,0.7125,0.6725,0.5185,0.6375,0.5805,0.6645,0.581,0.596,0.6965,0.6095,0.677,0.7245,0.575,0.632,1.0015,0.6555,0.6255,0.8145,0.687,0.7995,0.804,0.738,0.832,0.8445,0.8715,0+ .8715,0.8245,0.7905,1.071,1.1,1.238,0.029,0.0195,0.0465,0.1195,0.0895,0.0935,0.1115,0.1195,0.097,0.133,0.1745,0.1695,0.17,0.1605,0.271,0.2185,0.196,0.226,0.22,0.3,0.2875,0.316,0.3675,0.3675,0.346,0.4675,0.441,0.5185,0.6855,0.086,0.1065,0.132,0.1075,0.1745,0.152,0.2755,0.293,0.312,0.336,0.355,0.379,0.378,0.4325,0.5465,0.538,0.668,0.2825,0.25,0.315,0.166,0.452,0.232,0.0105,0.0275,0.1445,0.433,0.4555,0.127,0.1735,0.3945,0.1225,0.2735,0.0145,0.0295,0.0385,0.1485,0.0605,0.3675,0.099,0.233,0.3625,0.081,0.1365,0.19,0.2235,0.086,0.444,0.2275,0.893,0.5705,0.4475,0.347,0.352,0.18,0.185,0.179,0.385,0.585,0.137,0.2875,0.306,0.5825,0.3435,0.1455,0.075,0.0235,0.9445,0.354,0.383,0.6315,0.3285,0.7365,0.567,0.6505,0.1425,1.2395,1.0385,0.972,1.3315,0.762,0.437,0.435,0.8435,1.25,1.411,1.208,0.537,0.28,0.595,0.9315,0.782,0.525,1.319,0.17,0.096,0.0995,0.092,0.0625,0.073,0.071,0.036,0.1925,0.2865,0.109,0.127,0.2885,0.18,0.144,0.4665,0.33,0.3625,0.34,0.365,0.5555,0.53,0.6125,1.786,0.04,0.0565,0.064,0.0875,0.106,0.1315,0.126,0.155,0.149,0.185,0.2545,0.237,0.279,0.3205,0.3335,0.3885,0.545,0.4165,0.495,0.4775,0.468,0.4155,0.4215,0.474,0.5735,0.468,0.494,0.6005,0.049,0.1055,0.1045,0.163,0.2275,0.219,0.3645,0.3265,0.3515,0.3465,0.407,0.4215,0.3755,0.5335,0.442,0.1315,0.5205,0.5535,0.5445,0.512,0.583,0.5395,0.625,0.5925,0.633,0.636,0.648,0.0315,0.04,0.0635,0.0985,0.167,0.2015,0.183,0.187,0.1795,0.2065,0.3,0.2295,0.343,0.244,0.3075,0.3415,0.271,0.91,0.268,0.2885,0.3,0.326,0.358,0.314,0.4025,0.3645,0.4235,0.3505,0.486,0.471,0.415,0.5195,0.5215,0.4475,0.5585,0.596,0.5385,0.7665,0.531,0.607,0.6445,0.6315,0.712,0.89,0.912,0.656,0.936,0.6975,0.825,0.72,0.8215,0.8465,0.6735,0.0545,0.0725,0.0925,0.183,0.1525,0.187,0.232,0.196,0.2545,0.2625,0.362,0.4445,0.511,0.589,0.529,0.77,0.1245,0.1285,0.181,0.1585,0.1965,0.198,0.1855,0.2145,0.3245,0.2625,0.371,0.298,0.336,0.447,0.587,0.494,0.614,0.5075,0.5445,0.6115,0.5605,0.5775,0.5935,0.597,0.616,0.8155,0.619,0.7595,0.742,0.804,0.664,0.728,0.777,0.9895,0.855,0.755,0.9745,0.9205,0.9995,1.0485,1.1545,1.2565,0.305,0.4295,0.449,0.5745,0.775,0.9845,0.074,0.2075,0.237,0.2665,0.215,0.253,0.309,0.3535,0.335,0.3875,0.365,0.4045,0.372,0.3965,0.5225,0.456,0.44,0.507,0.5285,0.572,0.6625,0.6445,0.6275,0.6885,0.6755,0.783,0.768,0.7425,0.9175,0.974,0.907,0.0515,0.057,0.0925,0.204,0.3075,0.262,0.1115,0.1235,0.2815,0.226,0.2285,0.2995,0.361,0.3045,0.3975,0.379,0.4995,0.1835,0.033,0.059,0.046,0.1165,0.61,0.102,0.0345,0.1495,0.1515,0.116,0.523,0.1565,0.384,0.375,0.3915,0.2225,0.533,0.366,0.15,1.057,0.2595,0.5085,0.4385,0.5425,0.2565,0.8095,1.3655,0.967,0.4895,0.45,0.259,1.6935,0.97,0.515,0.51,0.683,0.468,0.4075,0.4545,0.407,0.3085,0.239,1.178,0.7585,0.3625,1.0885,1.097,1.278,0.522,0.127,0.0815,0.1,0.0265,0.209,0.1765,0.196,0.192,0.3095,0.313,0.3595,0.3855,0.5785,0.0805,0.111,0.152,0.199,0.219,0.2155,0.2565,0.257,0.2505,0.279,0.378,0.456,0.5055,0.513,0.578,0.596,0.021,0.0455,0.2435,0.2675,0.258,0.2985,0.411,0.38,0.4385,0.4015,0.4485,0.4155,0.7095,0.637,0.599,0.5345,0.041,0.0655,0.097,0.131,0.1695,0.192,0.1765,0.1735,0.1785,0.2055,0.2345,0.2305,0.314,0.33,0.2775,0.405,0.309,0.396,0.3615,0.514,0.4265,0.384,0.4865,0.4355,0.498,0.494,0.528,0.636,0.567,0.6615,0.658,0.6075,0.7025,0.8725,0.7745,0.8725,0.8515,0.9265,0.8295,0.907,1.0315,0.028,0.226,0.2855,0.325,0.514,0.5755,0.084,0.1005,0.1285,0.1345,0.1195,0.1895,0.257,0.2745,0.342,0.344,0.3275,0.4035,0.4075,0.4975,0.3685,0.4175,0.4425,0.4225,0.426,0.511,0.573,0.6385,0.657,0.781,0.6765,0.6235,0.8075,0.7915,0.753,0.717,0.783,0.872,0.983,0.7635,0.9365,0.966,1.15,1.217,0.1585,0.4015,0.465,0.2885,0.452,0.4915,0.7865,0.8415,0.101,0.106,0.1865,0.2575,0.3225,0.32,0.4155,0.3935,0.4775,0.452,0.5065,0.5525,0.565,0.699,0.6055,0.475,0.612,0.705,0.728,0.6545,0.795,0.701,0.86,1.1305,0.0495,0.1455,0.129,0.2255,0.3505,0.5655,0.221,0.2425,0.386,0.034,0.185,0.2045,0.1785,0.1385,0.1405,0.286,0.152,0.335,0.4075,0.0145,0.018,0.6275,0.441,0.216,0.6765,0.757,0.7325,1.0285,1.066,0.8545,0.6955,0.728,0.6675,2.0495,0.8605,0.058,0.0645,0.0615,0.18,0.5805,0.591,0.118,0.099,0.1365,0.1295,0.164,0.2875,0.277,0.248,0.252,0.390+ 5,0.409,0.4095,0.494,0.4905,0.8915,0.032,0.0785,0.134,0.2075,0.2235,0.34,0.5365,0.635,0.562,0.597,0.096,0.1445,0.1965,0.196,0.2155,0.2805,0.334,0.366,0.4965,0.651,0.5125,0.5995,0.74,0.702,0.672,0.811,0.858,0.658,0.2325,0.317,0.318,0.2645,0.4055,0.524,0.464,0.439,0.5805,0.622,0.772,0.741,0.7005,1.1815,0.984,0.3415,0.519,0.7165,0.837,0.1185,0.4725,0.4495,0.557,0.516,0.709,0.7935,0.7655,0.83,0.985,0.124,0.14,0.1695,0.218,0.384,0.393,0.3805,0.4495,0.344,0.2845,0.3035,0.499),
+   x_shucked = c(0.0895,0.141,0.095,0.08,0.0315,0.0255,0.0175,0.0875,0.0755,0.2385,0.042,0.063,0.105,0.1485,0.103,0.081,0.0285,0.1075,0.112,0.086,0.04,0.052,0.0105,0.013,0.0185,0.0645,0.06,0.053,0.025,0.092,0.109,0.1495,0.122,0.1265,0.1285,0.078,0.0485,0.1815,0.0485,0.001,0.0045,0.0025,0.0075,0.034,0.026,0.0435,0.063,0.0705,0.0635,0.0745,0.0675,0.082,0.0655,0.0445,0.0915,0.049,0.045,0.039,0.0125,0.007,0.194,0.066,0.0425,0.0165,0.039,0.097,0.073,0.0885,0.0475,0.0335,0.08,0.092,0.222,0.1535,0.1075,0.0755,0.116,0.1655,0.2165,0.036,0.037,0.122,0.084,0.0915,0.095,0.0785,0.134,0.0695,0.123,0.026,0.0215,0.0255,0.008,0.151,0.3005,0.439,0.0935,0.299,0.1845,0.2095,0.1895,0.2,0.3695,0.495,0.4145,0.335,0.2075,0.287,0.2605,0.3075,0.267,0.2705,0.245,0.1685,0.21,0.1975,0.4145,0.4005,0.383,0.376,0.216,0.284,0.28,0.2865,0.3585,0.3015,0.3385,0.369,0.398,0.2005,0.2,0.16,0.181,0.185,0.2085,0.2175,0.214,0.3845,0.223,0.198,0.1965,0.4675,0.12,0.193,0.0595,0.1845,0.5305,0.597,0.3055,0.1145,0.0885,0.0345,0.0065,0.043,0.005,0.0405,0.0595,0.045,0.0475,0.036,0.036,0.0095,0.0045,0.0065,0.2,0.102,0.021,0.094,0.041,0.027,0.0365,0.071,0.0765,0.0735,0.075,0.0655,0.1185,0.108,0.097,0.086,0.143,0.1215,0.138,0.127,0.13,0.208,0.175,0.1185,0.2435,0.2745,0.1795,0.245,0.229,0.2175,0.0165,0.025,0.031,0.0295,0.031,0.0345,0.0455,0.065,0.05,0.056,0.062,0.0585,0.053,0.07,0.0825,0.0775,0.0705,0.0945,0.0665,0.104,0.111,0.1045,0.1505,0.084,0.124,0.155,0.157,0.1635,0.17,0.169,0.157,0.164,0.1645,0.1575,0.217,0.1815,0.1825,0.209,0.148,0.1695,0.191,0.197,0.2355,0.2335,0.225,0.2355,0.2325,0.196,0.2315,0.261,0.1755,0.2835,0.362,0.25,0.238,0.3655,0.012,0.018,0.0135,0.0155,0.027,0.03,0.0245,0.0365,0.054,0.0415,0.0405,0.055,0.065,0.0675,0.09,0.1165,0.1125,0.1165,0.122,0.194,0.172,0.1255,0.132,0.1255,0.174,0.1255,0.162,0.2055,0.222,0.1545,0.1675,0.1945,0.1985,0.2135,0.241,0.1865,0.1945,0.16,0.18,0.211,0.206,0.2165,0.3395,0.248,0.215,0.2485,0.3465,0.2615,0.215,0.3175,0.2295,0.288,0.325,0.2625,0.297,0.279,0.2595,0.3125,0.3425,0.3155,0.6035,0.196,0.034,0.0295,0.039,0.0545,0.044,0.435,0.0545,0.046,0.0565,0.102,0.077,0.096,0.0775,0.0925,0.105,0.1,0.0855,0.0875,0.081,0.0825,0.0945,0.089,0.1095,0.096,0.118,0.093,0.11,0.0825,0.0945,0.11,0.0865,0.111,0.097,0.152,0.1025,0.1665,0.1135,0.115,0.1445,0.1205,0.1265,0.157,0.168,0.173,0.126,0.1385,0.2065,0.175,0.1615,0.2115,0.208,0.164,0.358,0.2225,0.1575,0.1425,0.175,0.2055,0.167,0.2535,0.1785,0.211,0.244,0.2065,0.2205,0.214,0.2185,0.2945,0.239,0.2585,0.259,0.2925,0.3015,0.2595,0.248,0.3265,0.337,0.32,0.233,0.3005,0.369,0.3905,0.4725,0.2525,0.419,0.2895,0.3595,0.3205,0.372,0.302,0.27,0.3745,0.3285,0.3325,0.3135,0.341,0.3485,0.3715,0.3095,0.547,0.414,0.2825,0.3815,0.347,0.48,0.328,0.565,0.6315,0.432,0.4495,0.6025,0.5165,0.0055,0.019,0.105,0.0785,0.1325,0.187,0.1225,0.143,0.188,0.1185,0.1785,0.112,0.1455,0.141,0.2015,0.2385,0.164,0.213,0.274,0.1975,0.229,0.19,0.126,0.2175,0.2795,0.2075,0.2695,0.25,0.346,0.353,0.019,0.0415,0.047,0.05,0.063,0.079,0.09,0.079,0.0715,0.073,0.0985,0.083,0.0935,0.097,0.0935,0.0895,0.108,0.1,0.119,0.1525,0.1065,0.1275,0.095,0.129,0.141,0.139,0.135,0.131,0.129,0.1595,0.1385,0.181,0.2085,0.176,0.2015,0.188,0.1825,0.21,0.2825,0.205,0.179,0.251,0.2935,0.204,0.3035,0.2075,0.2505,0.261,0.2455,0.2375,0.281,0.1815,0.213,0.32,0.238,0.2965,0.2355,0.3115,0.261,0.305,0.2555,0.245,0.1935,0.3745,0.2835,0.3725,0.32,0.3935,0.2505,0.2955,0.3475,0.3285,0.2375,0.358,0.269,0.3995,0.373,0.339,0.222,0.3945,0.3845,0.3685,0.349,0.31,0.4,0.354,0.3705,0.306,0.364,0.3275,0.3475,0.3615,0.303,0.428,0.419,0.377,0.38,0.379,0.436,0.4935,0.446,0.3595,0.358,0.643,0.438,0.715,0.096,0.166,0.259,0.229,0.4005,0.207,0.362,0.195,0.3085,0.4955,0.4235,0.403,0.3975,0.0105,0.0235,0.0565,0.0815,0.09,0.0815,0.098,0.095,0.1185,0.103,0.114,0.1405,0.1245,0.114,0.1125,0.1675,0.1395,0.135,0.1515,0.156,0.13,0.1525,0.1635,0.196,0.203,0.2505,0.2465,0.1885,0.2065,0.205,0.181,0.28,0.2245,0.334,0.285,0.2555,0.2165,0.308,0.2445,0.3285,0.2555,0.2805,0.3045,0.248,0.298,0.321,0.247,0.2715,0.53,0.2705,0.2525,0.305,0.2615,0.295,0.3375,0.304,0.3455,0.3975,0.3755,0.45,0.3375,0.3525,0+ .482,0.488,0.5495,0.0125,0.0075,0.017,0.053,0.036,0.031,0.048,0.056,0.0375,0.0585,0.0875,0.0695,0.0725,0.0715,0.1425,0.1065,0.0905,0.105,0.109,0.158,0.128,0.1385,0.1865,0.1675,0.159,0.2125,0.167,0.268,0.2875,0.04,0.0475,0.072,0.051,0.072,0.0565,0.1305,0.14,0.138,0.165,0.1895,0.162,0.152,0.2005,0.2735,0.271,0.2925,0.114,0.1025,0.124,0.076,0.2165,0.0855,0.005,0.0125,0.0675,0.201,0.177,0.106,0.076,0.1685,0.0545,0.115,0.0055,0.0155,0.0115,0.064,0.0205,0.1355,0.037,0.0905,0.1565,0.0265,0.0565,0.0765,0.0815,0.0305,0.225,0.0935,0.2745,0.25,0.221,0.1605,0.1635,0.068,0.08,0.076,0.167,0.2755,0.0545,0.1145,0.111,0.2315,0.1515,0.0605,0.028,0.009,0.3545,0.1625,0.1555,0.2745,0.1405,0.3225,0.2315,0.2495,0.057,0.55,0.4435,0.404,0.5805,0.3795,0.163,0.159,0.309,0.5265,0.572,0.4805,0.2165,0.094,0.2105,0.358,0.2715,0.1775,0.5485,0.062,0.036,0.0395,0.0385,0.023,0.028,0.027,0.0125,0.077,0.115,0.044,0.052,0.118,0.0745,0.059,0.2285,0.1405,0.175,0.1745,0.159,0.25,0.2505,0.267,0.6725,0.02,0.024,0.0215,0.0345,0.0415,0.066,0.0515,0.065,0.058,0.0625,0.108,0.115,0.1155,0.1575,0.1445,0.175,0.269,0.185,0.231,0.2235,0.2005,0.198,0.1895,0.23,0.311,0.201,0.218,0.239,0.0215,0.495,0.0415,0.0745,0.0955,0.0925,0.1765,0.1315,0.1625,0.1635,0.209,0.173,0.1525,0.2645,0.2085,0.2025,0.233,0.266,0.279,0.233,0.294,0.2465,0.3095,0.265,0.2985,0.294,0.2835,0.0125,0.0135,0.0275,0.0425,0.0675,0.1005,0.075,0.078,0.074,0.096,0.14,0.095,0.1705,0.1215,0.149,0.176,0.0965,0.416,0.1145,0.138,0.124,0.1325,0.169,0.1295,0.1855,0.159,0.182,0.1615,0.261,0.252,0.187,0.279,0.2215,0.1895,0.252,0.245,0.2645,0.3985,0.2415,0.2355,0.345,0.3045,0.3025,0.4325,0.495,0.257,0.481,0.262,0.402,0.329,0.332,0.339,0.2895,0.0205,0.0285,0.038,0.098,0.072,0.0945,0.12,0.085,0.119,0.117,0.1575,0.213,0.2365,0.3075,0.2235,0.424,0.0505,0.051,0.088,0.075,0.0875,0.0805,0.07,0.0855,0.151,0.1,0.15,0.109,0.1555,0.161,0.264,0.211,0.2855,0.2115,0.249,0.245,0.2255,0.231,0.239,0.2935,0.292,0.3675,0.2755,0.358,0.3525,0.34,0.2695,0.3355,0.354,0.495,0.3795,0.334,0.4675,0.445,0.425,0.507,0.5865,0.5355,0.14,0.212,0.254,0.306,0.368,0.4525,0.0305,0.09,0.106,0.1105,0.0845,0.1155,0.115,0.156,0.136,0.1755,0.14,0.171,0.138,0.1485,0.2265,0.182,0.177,0.241,0.226,0.237,0.2775,0.3155,0.3015,0.273,0.3015,0.3045,0.3305,0.2895,0.45,0.453,0.371,0.019,0.026,0.039,0.3045,0.139,0.1235,0.053,0.059,0.1505,0.0975,0.088,0.1265,0.1605,0.1215,0.1815,0.1725,0.2965,0.078,0.0145,0.0265,0.021,0.0565,0.229,0.045,0.011,0.0605,0.056,0.037,0.2105,0.057,0.1375,0.1425,0.1575,0.0865,0.233,0.1705,0.0605,0.383,0.097,0.21,0.184,0.198,0.1165,0.2985,0.6255,0.3775,0.1735,0.191,0.0955,0.6025,0.4285,0.175,0.1615,0.3265,0.1665,0.1365,0.171,0.1685,0.1385,0.105,0.3935,0.307,0.134,0.3685,0.4215,0.41,0.17,0.048,0.028,0.038,0.009,0.066,0.0785,0.082,0.081,0.147,0.131,0.167,0.192,0.25,0.0345,0.0425,0.065,0.073,0.097,0.0915,0.1255,0.1045,0.0945,0.134,0.188,0.21,0.234,0.219,0.2545,0.3015,0.0075,0.02,0.122,0.116,0.104,0.1375,0.2025,0.197,0.21,0.242,0.156,0.167,0.35,0.38,0.3065,0.2375,0.015,0.0295,0.0415,0.0615,0.079,0.097,0.072,0.0775,0.0785,0.096,0.108,0.1005,0.1545,0.151,0.1245,0.1695,0.119,0.1775,0.1415,0.253,0.195,0.1795,0.2155,0.196,0.2375,0.2385,0.229,0.3055,0.2875,0.2945,0.296,0.268,0.31,0.412,0.3535,0.349,0.4555,0.4135,0.3915,0.444,0.4265,0.0095,0.1135,0.1385,0.1245,0.2385,0.31,0.03,0.0425,0.0585,0.057,0.052,0.0725,0.1015,0.135,0.1335,0.123,0.1495,0.169,0.1515,0.2375,0.1525,0.1645,0.1895,0.1905,0.163,0.2205,0.213,0.2945,0.2985,0.3905,0.256,0.2975,0.3655,0.3535,0.3445,0.3315,0.345,0.4675,0.486,0.326,0.434,0.447,0.5255,0.5515,0.0685,0.1725,0.21,0.165,0.22,0.1765,0.332,0.3845,0.041,0.039,0.0675,0.1,0.143,0.118,0.17,0.195,0.2145,0.191,0.2425,0.234,0.235,0.3395,0.2605,0.2025,0.2435,0.3065,0.2845,0.2815,0.364,0.3285,0.437,0.5285,0.0235,0.0595,0.0615,0.11,0.1645,0.2435,0.0985,0.106,0.1805,0.012,0.0795,0.096,0.071,0.058,0.056,0.1305,0.071,0.1525,0.1535,0.005,0.0075,0.276,0.1515,0.083,0.2865,0.315,0.2415,0.4535,0.4335,0.321,0.2405,0.2725,0.2745,0.7735,0.312,0.022,0.0215,0.0205,0.08,0.255,0.271,0.059,0.0445,0.0575,0.052,0.0625,0.123,0.1655,0.0935,0.1105,0.1925,0.2055,0.163,0+ .2205,0.2035,0.363,0.011,0.04,0.0575,0.098,0.115,0.181,0.2855,0.352,0.2505,0.293,0.037,0.058,0.0915,0.0865,0.1005,0.1125,0.1355,0.174,0.258,0.3165,0.2075,0.242,0.3595,0.322,0.288,0.3685,0.449,0.327,0.093,0.153,0.1335,0.1,0.175,0.246,0.2015,0.1875,0.2365,0.278,0.289,0.348,0.3395,0.581,0.4865,0.1645,0.2365,0.3495,0.414,0.048,0.215,0.1755,0.2275,0.197,0.3195,0.378,0.331,0.379,0.3695,0.063,0.0565,0.0835,0.0995,0.1885,0.219,0.1575,0.201,0.181,0.1255,0.15,0.232),
+   x_viscera = c(0.0395,0.0775,0.0395,0.049,0.0235,0.015,0.0125,0.045,0.0255,0.111,0.014,0.0405,0.046,0.0635,0.0575,0.0505,0.0235,0.0545,0.061,0.056,0.0205,0.039,0.0065,0.008,0.018,0.037,0.0375,0.0475,0.015,0.06,0.067,0.085,0.052,0.07,0.0785,0.0485,0.029,0.083,0.032,0.0005,0.003,0.002,0.0045,0.0245,0.0105,0.0265,0.039,0.0345,0.0325,0.0415,0.038,0.0545,0.035,0.0245,0.057,0.034,0.0285,0.0295,0.0095,0.005,0.067,0.0255,0.022,0.0065,0.041,0.053,0.0415,0.04,0.042,0.015,0.0555,0.074,0.119,0.0595,0.0545,0.0535,0.064,0.083,0.139,0.0235,0.02,0.0905,0.0435,0.055,0.0525,0.0585,0.0325,0.045,0.057,0.018,0.012,0.02,0.0035,0.0645,0.209,0.245,0.0445,0.156,0.1055,0.1225,0.08,0.145,0.2005,0.203,0.195,0.1735,0.131,0.141,0.1665,0.205,0.1055,0.179,0.132,0.1055,0.109,0.0875,0.2,0.1975,0.209,0.171,0.133,0.162,0.174,0.1675,0.207,0.1825,0.201,0.2255,0.1965,0.108,0.1135,0.0795,0.113,0.0705,0.1,0.13,0.116,0.185,0.1235,0.1065,0.108,0.2655,0.084,0.105,0.04,0.099,0.254,0.3445,0.1555,0.0665,0.0465,0.0205,0.0025,0.04,0.0035,0.0245,0.0355,0.0275,0.0205,0.019,0.0115,0.0055,0.004,0.0055,0.123,0.038,0.0165,0.045,0.03,0.0125,0.021,0.0345,0.0345,0.04,0.0575,0.048,0.064,0.0445,0.0455,0.0585,0.0635,0.063,0.08,0.084,0.06,0.0655,0.0755,0.0645,0.084,0.086,0.1,0.1405,0.1185,0.096,0.012,0.014,0.0135,0.0215,0.0215,0.025,0.029,0.05,0.0265,0.0365,0.031,0.0375,0.0305,0.0265,0.0445,0.0305,0.044,0.038,0.0455,0.0425,0.0535,0.058,0.069,0.06,0.037,0.0695,0.0745,0.061,0.081,0.092,0.0795,0.096,0.072,0.0825,0.087,0.061,0.078,0.0835,0.067,0.0945,0.127,0.093,0.0855,0.153,0.126,0.1055,0.093,0.0945,0.0925,0.098,0.0905,0.103,0.131,0.1205,0.1225,0.1585,0.0075,0.006,0.005,0.009,0.0125,0.013,0.0155,0.0175,0.02,0.024,0.0205,0.0265,0.027,0.0295,0.0475,0.0265,0.0455,0.042,0.0495,0.053,0.044,0.057,0.072,0.07,0.0635,0.051,0.0865,0.096,0.0735,0.084,0.1015,0.0905,0.0935,0.0985,0.1075,0.0785,0.1,0.0885,0.098,0.1075,0.099,0.111,0.1085,0.112,0.116,0.1135,0.1395,0.1195,0.1135,0.1265,0.133,0.1295,0.1245,0.1285,0.1395,0.127,0.149,0.138,0.16,0.2155,0.291,0.1045,0.014,0.014,0.015,0.0295,0.0205,0.015,0.031,0.0235,0.032,0.0395,0.032,0.0405,0.033,0.037,0.037,0.036,0.0305,0.035,0.042,0.0375,0.049,0.0655,0.035,0.041,0.045,0.0405,0.0415,0.048,0.039,0.0535,0.042,0.0595,0.038,0.0615,0.042,0.0575,0.0595,0.0625,0.061,0.0605,0.0505,0.0705,0.0615,0.045,0.06,0.065,0.086,0.08,0.0715,0.083,0.089,0.0755,0.0775,0.099,0.077,0.073,0.0855,0.105,0.0885,0.091,0.0885,0.11,0.101,0.112,0.0835,0.1045,0.116,0.104,0.1375,0.1625,0.124,0.1205,0.11,0.1435,0.103,0.1295,0.144,0.1255,0.1365,0.131,0.1385,0.111,0.111,0.1235,0.1205,0.121,0.135,0.1445,0.148,0.1315,0.1185,0.171,0.1555,0.1545,0.1435,0.165,0.1765,0.185,0.1305,0.1615,0.21,0.2195,0.1415,0.1785,0.234,0.1745,0.2465,0.226,0.174,0.1725,0.295,0.2195,0.0025,0.0145,0.047,0.0345,0.041,0.046,0.044,0.0665,0.0455,0.061,0.064,0.075,0.061,0.063,0.0905,0.0745,0.08,0.089,0.0995,0.096,0.1105,0.1165,0.0835,0.093,0.1025,0.1075,0.096,0.1245,0.1415,0.1915,0.011,0.017,0.0155,0.0175,0.034,0.0355,0.0245,0.0315,0.0495,0.056,0.044,0.0365,0.0525,0.046,0.0925,0.0665,0.0395,0.0505,0.059,0.056,0.053,0.062,0.0465,0.071,0.0575,0.0625,0.048,0.0585,0.07,0.08,0.064,0.085,0.0855,0.083,0.081,0.0815,0.0735,0.0985,0.137,0.1305,0.1035,0.114,0.1285,0.0945,0.1285,0.091,0.1265,0.143,0.147,0.135,0.143,0.125,0.123,0.14,0.1265,0.1595,0.1095,0.147,0.159,0.16,0.141,0.1455,0.1305,0.167,0.162,0.1815,0.1395,0.1725,0.1175,0.169,0.1545,0.1455,0.1155,0.112,0.1345,0.1485,0.16,0.176,0.1245,0.15,0.158,0.187,0.149,0.186,0.166,0.144,0.1705,0.172,0.196,0.188,0.1465,0.176,0.1405,0.268,0.1785,0.1925,0.2225,0.2265,0.19,0.256,0.246,0.16,0.2265,0.2055,0.2865,0.3445,0.057,0.091,0.139,0.0865,0.1715,0.0855,0.1535,0.123,0.185,0.2295,0.2195,0.1715,0.2035,0.0055,0.013,0.0275,0.0335,0.042,0.0325,0.0375,0.0445,0.0525,0.067,0.0345,0.064,0.0615,0.0565,0.0625,0.0625,0.0665,0.0785,0.0945,0.0555,0.056,0.067,0.096,0.099,0.08,0.178,0.1025,0.0965,0.1165,0.148,0.0975,0.106,0.1175,0.1425,0.152,0.1335,0.0915,0.1335,0.146,0.17,0.156,0.12,0.1535,0.159,0.0965,0.1275,0.115,0.148,0.1765,0.155,0.158,0.231,0.1405,0.1905,0.1405,0.1755,0.179,0.158,0.215,0.162,0.2115+ ,0.1645,0.1935,0.2505,0.296,0.0065,0.005,0.012,0.0265,0.0185,0.023,0.0205,0.0235,0.022,0.0255,0.0355,0.044,0.0465,0.0335,0.0525,0.038,0.034,0.047,0.05,0.068,0.063,0.0795,0.0675,0.102,0.084,0.099,0.0865,0.1095,0.154,0.0185,0.0225,0.022,0.0225,0.033,0.0305,0.061,0.062,0.06,0.076,0.065,0.091,0.0825,0.074,0.0995,0.1035,0.137,0.0575,0.0505,0.082,0.051,0.0995,0.0495,0.0065,0.01,0.0385,0.1265,0.0965,0.071,0.0355,0.0865,0.0115,0.061,0.003,0.015,0.005,0.031,0.014,0.0935,0.0255,0.0545,0.0705,0.0195,0.0285,0.0385,0.0525,0.019,0.0745,0.0455,0.2185,0.134,0.112,0.0785,0.089,0.036,0.0435,0.0525,0.08,0.1235,0.0315,0.0635,0.0735,0.121,0.0795,0.0315,0.018,0.0055,0.2175,0.064,0.0675,0.1415,0.051,0.161,0.1465,0.141,0.0335,0.273,0.241,0.1845,0.252,0.161,0.0755,0.105,0.1905,0.283,0.297,0.3045,0.1085,0.0785,0.142,0.2145,0.168,0.115,0.292,0.039,0.0185,0.0225,0.0235,0.014,0.017,0.0185,0.008,0.038,0.0735,0.0265,0.03,0.065,0.04,0.03,0.1065,0.0705,0.0835,0.05,0.0825,0.115,0.0975,0.142,0.3615,0.011,0.013,0.0135,0.022,0.0265,0.024,0.0275,0.037,0.0325,0.0395,0.0565,0.0405,0.059,0.066,0.0715,0.0835,0.111,0.0865,0.11,0.089,0.1065,0.0885,0.102,0.1005,0.1025,0.1115,0.09,0.142,0.01,0.019,0.022,0.033,0.0475,0.038,0.0795,0.077,0.082,0.08,0.0735,0.0765,0.058,0.108,0.0975,0.0875,0.119,0.112,0.115,0.1205,0.132,0.1085,0.119,0.1175,0.1295,0.144,0.133,0.005,0.008,0.008,0.021,0.0325,0.038,0.0385,0.0505,0.0315,0.0395,0.0625,0.0545,0.0735,0.0445,0.0535,0.0625,0.061,0.2075,0.053,0.0635,0.0575,0.075,0.067,0.0635,0.083,0.0855,0.0765,0.0625,0.0655,0.077,0.087,0.088,0.118,0.0925,0.126,0.097,0.095,0.14,0.098,0.125,0.1285,0.114,0.152,0.171,0.1805,0.17,0.174,0.1575,0.139,0.103,0.1685,0.167,0.1345,0.016,0.017,0.021,0.0335,0.0645,0.0395,0.0435,0.042,0.0595,0.054,0.0795,0.107,0.118,0.1215,0.123,0.142,0.0265,0.028,0.034,0.0305,0.041,0.0455,0.0425,0.0485,0.073,0.0515,0.0865,0.058,0.09,0.087,0.117,0.109,0.1365,0.104,0.1065,0.1375,0.1435,0.143,0.13,0.1155,0.113,0.1365,0.15,0.153,0.158,0.194,0.163,0.1435,0.173,0.195,0.187,0.15,0.207,0.2035,0.1985,0.1955,0.2385,0.322,0.067,0.108,0.0825,0.112,0.208,0.207,0.0165,0.0415,0.0395,0.059,0.034,0.05,0.0645,0.05,0.065,0.074,0.0825,0.07,0.0765,0.0855,0.104,0.099,0.095,0.103,0.123,0.1435,0.1555,0.1245,0.126,0.1515,0.1465,0.157,0.1385,0.2005,0.1935,0.236,0.167,0.012,0.013,0.021,0.046,0.0745,0.067,0.0185,0.026,0.0505,0.04,0.0465,0.068,0.0665,0.0735,0.081,0.0815,0.0945,0.024,0.007,0.0125,0.007,0.013,0.131,0.0135,0.0075,0.033,0.0315,0.0295,0.1045,0.034,0.061,0.0965,0.1025,0.058,0.106,0.0855,0.042,0.216,0.0515,0.122,0.108,0.127,0.0585,0.2015,0.2595,0.284,0.0875,0.0865,0.038,0.4005,0.22,0.098,0.073,0.1615,0.108,0.0645,0.118,0.073,0.0735,0.0555,0.2165,0.2075,0.082,0.187,0.264,0.257,0.0905,0.031,0.016,0.026,0.005,0.059,0.0405,0.04,0.0465,0.05,0.072,0.083,0.0745,0.106,0.0185,0.0285,0.0305,0.049,0.0405,0.0475,0.0645,0.062,0.0655,0.049,0.0785,0.0955,0.11,0.1075,0.1305,0.104,0.0045,0.0065,0.0525,0.0585,0.059,0.071,0.0945,0.079,0.0925,0.0345,0.102,0.084,0.1505,0.1335,0.1155,0.122,0.009,0.0005,0.019,0.0265,0.026,0.03,0.0355,0.034,0.035,0.037,0.051,0.039,0.0595,0.068,0.0605,0.092,0.08,0.081,0.0785,0.1045,0.09,0.068,0.1105,0.0925,0.099,0.0835,0.103,0.1215,0.1075,0.1395,0.1245,0.1225,0.177,0.187,0.1505,0.2095,0.1715,0.1845,0.165,0.1855,0.24,0.008,0.0515,0.0625,0.0755,0.1235,0.1145,0.0185,0.0185,0.027,0.028,0.0155,0.0515,0.055,0.0455,0.0835,0.081,0.059,0.0825,0.0935,0.099,0.0615,0.099,0.086,0.079,0.0965,0.103,0.134,0.1405,0.1505,0.2005,0.1855,0.108,0.148,0.176,0.1325,0.1495,0.1755,0.18,0.215,0.153,0.184,0.171,0.257,0.212,0.037,0.063,0.1055,0.0435,0.159,0.1125,0.1815,0.156,0.021,0.0285,0.037,0.061,0.0735,0.065,0.076,0.071,0.09,0.099,0.088,0.127,0.135,0.129,0.108,0.101,0.1525,0.1365,0.1845,0.139,0.1505,0.102,0.1515,0.2655,0.011,0.0305,0.0275,0.042,0.071,0.119,0.043,0.0485,0.0875,0.0085,0.0495,0.056,0.0405,0.0225,0.035,0.056,0.059,0.074,0.074,0.0035,0.0045,0.134,0.1165,0.037,0.146,0.181,0.144,0.253,0.226,0.1775,0.16,0.19,0.156,0.4405,0.169,0.0145,0.0175,0.02,0.045,0.0915,0.1125,0.031,0.017,0.0295,0.028,0.04,0.0605,0.0625,0.066,0.0575,0.0755,0.0935,0.1005,0.0945,0.1+ 3,0.1925,0.0065,0.018,0.0285,0.039,0.043,0.057,0.0855,0.127,0.1345,0.1265,0.0225,0.032,0.0425,0.036,0.049,0.0615,0.0775,0.0725,0.1195,0.132,0.1155,0.1375,0.159,0.167,0.1365,0.178,0.166,0.1445,0.056,0.0505,0.0725,0.0655,0.092,0.1095,0.09,0.1055,0.1075,0.1455,0.19,0.1585,0.1355,0.2215,0.184,0.0775,0.1275,0.1595,0.214,0.0225,0.0745,0.102,0.1335,0.1305,0.174,0.142,0.14,0.1605,0.2395,0.0215,0.0365,0.0355,0.0545,0.0715,0.075,0.0895,0.089,0.0695,0.0635,0.0505,0.0885),
+   x_shell = c(0.055,0.12,0.115,0.085,0.02,0.012,0.015,0.075,0.045,0.19,0.025,0.045,0.075,0.105,0.085,0.07,0.03,0.07,0.08,0.068,0.028,0.042,0.0125,0.01,0.015,0.075,0.035,0.05,0.015,0.15,0.12,0.12,0.08,0.11,0.1,0.07,0.035,0.125,0.04,0.0015,0.004,0.003,0.005,0.035,0.02,0.04,0.06,0.06,0.05,0.07,0.045,0.07,0.06,0.026,0.075,0.04,0.035,0.03,0.011,0.005,0.14,0.06,0.03,0.015,0.035,0.08,0.065,0.09,0.035,0.02,0.055,0.09,0.14,0.105,0.08,0.07,0.115,0.11,0.155,0.035,0.03,0.12,0.09,0.09,0.085,0.07,0.085,0.08,0.0995,0.025,0.02,0.025,0.008,0.1045,0.275,0.34,0.07,0.205,0.155,0.145,0.155,0.179,0.255,0.33,0.345,0.25,0.155,0.12,0.16,0.255,0.22,0.17,0.168,0.096,0.1275,0.1175,0.345,0.26,0.255,0.245,0.115,0.2,0.195,0.235,0.205,0.3,0.32,0.36,0.25,0.166,0.2235,0.154,0.136,0.169,0.1655,0.195,0.14,0.265,0.1335,0.165,0.16,0.39,0.105,0.155,0.06,0.145,0.41,0.53,0.295,0.16,0.07,0.025,0.005,0.04,0.005,0.032,0.063,0.0335,0.03,0.035,0.0245,0.0085,0.005,0.005,0.17,0.085,0.015,0.065,0.03,0.018,0.023,0.0535,0.049,0.0575,0.062,0.054,0.0745,0.0735,0.0615,0.0605,0.086,0.09,0.082,0.077,0.094,0.106,0.109,0.0945,0.1465,0.1105,0.089,0.1405,0.172,0.1525,0.0135,0.021,0.017,0.027,0.02,0.0245,0.0345,0.0385,0.043,0.037,0.037,0.0425,0.04,0.0425,0.05,0.0445,0.055,0.0445,0.045,0.055,0.065,0.067,0.0795,0.055,0.07,0.09,0.1,0.091,0.09,0.1,0.09,0.1,0.105,0.105,0.095,0.1125,0.1145,0.134,0.105,0.1195,0.137,0.1335,0.1135,0.119,0.1465,0.1295,0.115,0.1265,0.113,0.143,0.12,0.135,0.156,0.185,0.175,0.18,0.0095,0.011,0.0095,0.007,0.015,0.0215,0.0225,0.025,0.028,0.034,0.03,0.039,0.039,0.0405,0.055,0.0635,0.067,0.065,0.065,0.087,0.093,0.0875,0.106,0.1035,0.105,0.088,0.1045,0.096,0.106,0.12,0.117,0.13,0.109,0.1315,0.12,0.0975,0.098,0.102,0.1175,0.142,0.13,0.115,0.1665,0.1585,0.17,0.134,0.182,0.1525,0.166,0.15,0.157,0.167,0.17,0.1835,0.1405,0.19,0.169,0.1895,0.224,0.245,0.3595,0.15,0.0215,0.0225,0.025,0.0355,0.038,0.04,0.0445,0.0385,0.09,0.052,0.0435,0.048,0.055,0.055,0.05,0.065,0.0525,0.064,0.058,0.06,0.06,0.075,0.062,0.061,0.0695,0.0755,0.0775,0.065,0.07,0.0755,0.07,0.0745,0.067,0.0735,0.0655,0.089,0.0945,0.085,0.082,0.0765,0.075,0.17,0.082,0.1,0.106,0.08,0.115,0.1045,0.12,0.12,0.12,0.126,0.11,0.11,0.114,0.113,0.135,0.1505,0.115,0.14,0.1505,0.15,0.165,0.132,0.135,0.1495,0.16,0.1565,0.185,0.196,0.157,0.195,0.18,0.18,0.171,0.16,0.205,0.175,0.18,0.1905,0.164,0.167,0.192,0.189,0.21,0.154,0.225,0.229,0.227,0.2545,0.185,0.223,0.2325,0.215,0.28,0.23,0.225,0.236,0.2165,0.235,0.21,0.2215,0.245,0.202,0.285,0.23,0.27,0.33,0.26,0.286,0.315,0.28,0.004,0.036,0.0605,0.053,0.0615,0.067,0.0675,0.0765,0.0825,0.08,0.0855,0.0815,0.0805,0.073,0.088,0.1075,0.1015,0.1135,0.1065,0.125,0.116,0.1175,0.1365,0.1165,0.147,0.147,0.17,0.17,0.189,0.251,0.013,0.0335,0.0405,0.0415,0.0415,0.05,0.055,0.054,0.058,0.061,0.066,0.055,0.066,0.065,0.07,0.075,0.082,0.076,0.07,0.0835,0.08,0.077,0.073,0.0955,0.075,0.0965,0.09,0.095,0.11,0.105,0.105,0.1345,0.147,0.1205,0.13,0.147,0.12,0.155,0.19,0.125,0.175,0.15,0.16,0.143,0.169,0.15,0.19,0.1935,0.173,0.169,0.162,0.138,0.1275,0.17,0.185,0.165,0.1895,0.178,0.175,0.169,0.177,0.2135,0.195,0.249,0.175,0.24,0.25,0.2295,0.235,0.225,0.213,0.18,0.1725,0.22,0.217,0.23,0.2215,0.21,0.17,0.206,0.2765,0.236,0.2,0.231,0.25,0.2815,0.28,0.1825,0.239,0.235,0.25,0.254,0.235,0.265,0.26,0.235,0.29,0.22,0.26,0.315,0.305,0.295,0.2965,0.3145,0.278,0.3615,0.0705,0.1125,0.1645,0.1,0.211,0.1215,0.209,0.182,0.319,0.304,0.228,0.213,0.253,0.009,0.018,0.036,0.06,0.06,0.065,0.075,0.07,0.081,0.11,0.11,0.105,0.085,0.0975,0.115,0.1135,0.12,0.098,0.11,0.105,0.1185,0.1185,0.166,0.135,0.1465,0.154,0.147,0.15,0.165,0.1505,0.191,0.15,0.225,0.207,0.245,0.235,0.184,0.168,0.165,0.1425,0.143,0.1695,0.21,0.175,0.23,0.24,0.183,0.1875,0.244,0.192,0.19,0.244,0.25,0.238,0.23,0.22,0.279,0.255,0.25,0.225,0.239,0.242,0.352,0.2925,0.3305,0.008,0.006,0.015,0.03,0.03,0.03,0.03,0.03,0.03,0.041,0.04,0.0495,0.0495,0.046,0.0735,0.062,0.053,0.065,0.0605,0.078,0.0805,0.0925,0.0985,0.105,0.095,0.1375,0.145,0.1365,0.2035,0.025,0.0285,0.033,0.027,0.057,0.054,0.0725,0.082,0.087,0.0805,0.087,0.11,0.12,0.1275,0.158,0.139,0.209,0.095,0.085,0.095,0+ .045,0.125,0.08,0.0035,0.009,0.045,0.145,0.145,0.085,0.05,0.125,0.035,0.085,0.005,0.01,0.01,0.045,0.02,0.12,0.045,0.07,0.125,0.03,0.042,0.065,0.08,0.03,0.11,0.085,0.345,0.185,0.125,0.1,0.1,0.06,0.065,0.055,0.125,0.165,0.04,0.095,0.095,0.255,0.115,0.045,0.025,0.008,0.3,0.105,0.135,0.1815,0.106,0.215,0.1525,0.2215,0.043,0.38,0.32,0.35,0.435,0.19,0.17,0.14,0.3,0.315,0.395,0.33,0.1785,0.0955,0.26,0.26,0.285,0.185,0.49,0.055,0.03,0.032,0.027,0.022,0.0225,0.0225,0.011,0.065,0.085,0.033,0.0345,0.083,0.0525,0.044,0.114,0.095,0.093,0.0945,0.105,0.163,0.1625,0.172,0.4065,0.013,0.016,0.02,0.0255,0.031,0.03,0.035,0.0365,0.047,0.07,0.07,0.07,0.08,0.088,0.095,0.111,0.1305,0.11,0.125,0.118,0.1325,0.107,0.111,0.12,0.136,0.12,0.1325,0.185,0.015,0.0315,0.035,0.048,0.0715,0.075,0.095,0.103,0.094,0.09,0.103,0.113,0.125,0.1345,0.1185,0.123,0.1455,0.157,0.13,0.136,0.1605,0.167,0.1725,0.168,0.175,0.1755,0.2105,0.0105,0.0105,0.02,0.031,0.0575,0.053,0.06,0.058,0.06,0.058,0.0825,0.066,0.081,0.068,0.09,0.0865,0.091,0.0995,0.085,0.0765,0.1,0.101,0.105,0.1,0.1015,0.105,0.14,0.1185,0.1315,0.123,0.11,0.1325,0.16,0.2305,0.1615,0.21,0.165,0.1805,0.1615,0.195,0.2,0.19,0.225,0.236,0.205,0.203,0.2435,0.24,0.245,0.251,0.29,0.295,0.22,0.0155,0.021,0.026,0.042,0.043,0.0425,0.056,0.0585,0.0675,0.077,0.1095,0.1115,0.123,0.1405,0.16,0.1895,0.038,0.0405,0.0495,0.0455,0.056,0.058,0.065,0.072,0.088,0.09,0.115,0.115,0.0855,0.16,0.174,0.1545,0.161,0.1755,0.152,0.2,0.17,0.177,0.204,0.16,0.185,0.246,0.1765,0.2055,0.208,0.244,0.21,0.2175,0.222,0.246,0.26,0.238,0.259,0.253,0.3,0.274,0.2915,0.386,0.0885,0.109,0.097,0.141,0.2055,0.2725,0.02,0.07,0.08,0.084,0.079,0.075,0.0945,0.1135,0.115,0.12,0.1245,0.1345,0.135,0.1455,0.162,0.16,0.15,0.15,0.209,0.165,0.196,0.186,0.18,0.237,0.21,0.265,0.2475,0.22,0.24,0.289,0.3075,0.017,0.016,0.025,0.0595,0.093,0.0725,0.032,0.0315,0.068,0.0725,0.075,0.0895,0.103,0.094,0.1175,0.101,0.1185,0.065,0.01,0.0185,0.0065,0.035,0.235,0.034,0.01,0.045,0.05,0.04,0.175,0.06,0.146,0.115,0.115,0.075,0.185,0.11,0.045,0.355,0.08,0.135,0.1125,0.175,0.0725,0.28,0.425,0.275,0.2,0.145,0.085,0.42,0.264,0.212,0.198,0.165,0.17,0.18,0.158,0.13,0.085,0.07,0.315,0.19,0.12,0.375,0.335,0.37,0.195,0.04,0.031,0.031,0.009,0.075,0.05,0.064,0.053,0.09,0.093,0.0915,0.1,0.184,0.0215,0.03,0.045,0.06,0.065,0.063,0.0645,0.075,0.075,0.075,0.09,0.131,0.14,0.13,0.1645,0.151,0.014,0.013,0.06,0.0765,0.0815,0.075,0.1,0.09,0.12,0.109,0.123,0.139,0.1845,0.128,0.1485,0.1535,0.0125,0.02,0.0305,0.038,0.0505,0.054,0.0575,0.056,0.054,0.0585,0.0625,0.0775,0.087,0.08,0.08,0.1065,0.098,0.125,0.12,0.14,0.1205,0.11,0.142,0.125,0.14,0.15,0.1645,0.1855,0.16,0.19,0.198,0.1975,0.2,0.2425,0.2365,0.285,0.1965,0.27,0.238,0.2445,0.325,0.009,0.0675,0.077,0.1025,0.126,0.1395,0.029,0.035,0.0365,0.044,0.035,0.055,0.0825,0.078,0.105,0.125,0.1,0.13,0.1455,0.14,0.125,0.127,0.135,0.1355,0.151,0.1745,0.195,0.171,0.168,0.215,0.208,0.195,0.2595,0.236,0.24,0.221,0.247,0.217,0.239,0.265,0.287,0.284,0.3315,0.31,0.0465,0.1255,0.128,0.067,0.1035,0.1325,0.2455,0.255,0.034,0.034,0.0615,0.086,0.091,0.123,0.145,0.11,0.1435,0.13,0.1465,0.165,0.179,0.1945,0.21,0.148,0.1895,0.22,0.265,0.21,0.26,0.2255,0.245,0.306,0.014,0.05,0.0355,0.064,0.1,0.175,0.07,0.21,0.0965,0.005,0.055,0.08,0.055,0.05,0.05,0.09,0.045,0.11,0.165,0.005,0.005,0.185,0.145,0.075,0.205,0.215,0.26,0.275,0.33,0.275,0.253,0.19,0.18,0.655,0.3,0.018,0.0215,0.019,0.047,0.184,0.1775,0.0305,0.03,0.035,0.035,0.045,0.08,0.082,0.07,0.066,0.1025,0.105,0.119,0.1405,0.135,0.2515,0.01,0.02,0.3505,0.062,0.055,0.083,0.1325,0.135,0.1525,0.1555,0.03,0.0505,0.055,0.0605,0.0655,0.0925,0.0965,0.109,0.1075,0.18,0.172,0.182,0.1985,0.19,0.21,0.235,0.215,0.174,0.072,0.0935,0.0935,0.085,0.1185,0.145,0.149,0.1305,0.19,0.169,0.2615,0.206,0.2095,0.3095,0.2755,0.086,0.126,0.1785,0.2,0.042,0.15,0.15,0.1765,0.165,0.185,0.26,0.24,0.2575,0.315,0.03,0.046,0.041,0.0615,0.11,0.0885,0.115,0.14,0.079,0.081,0.088,0.156),
+ 
+   y = c(8.5,9.5,8.5,11.5,6.5,6.5,5.5,8.5,7.5,9.5,5.5,7.5,8.5,10.5,8.5,7.5,6.5,7.5,9.5,8.5,8.5,10.5,6.5,5.5,6.5,8.5,6.5,9.5,5.5,9.5,10.5,9.5,8.5,8.5,11.5,8.5,8.5,13.5,10.5,2.5,4.5,4.5,6.5,6.5,6.5,9.5,9.5,11.5,14.5,10.5,8.5,8.5,8.5,5.5,8.5,7.5,7.5,5.5,5.5,4.5,9.5,7.5,6.5,5.5,6.5,8.5,8.5,9.5,6.5,6.5,7.5,9.5,10.5,11.5,10.5,7.5,12.5,8.5,12.5,9.5,7.5,14.5,8.5,15.5,11.5,9.5,11.5,10.5,11.5,7.5,6.5,7.5,6.5,10.5,17.5,11.5,10.5,21.5,13.5,11.5,12.5,12.5,12.5,18.5,14.5,13.5,14.5,10.5,11.5,15.5,14.5,14.5,13.5,13.5,17.5,15.5,11.5,11.5,12.5,15.5,14.5,12.5,11.5,14.5,19.5,14.5,14.5,13.5,18.5,12.5,13.5,14.5,11.5,19.5,16.5,19.5,16.5,22.5,10.5,10.5,15.5,14.5,12.5,12.5,7.5,12.5,19.5,19.5,12.5,20.5,8.5,6.5,5.5,8.5,5.5,8.5,8.5,8.5,8.5,9.5,7.5,5.5,3.5,4.5,9.5,7.5,6.5,8.5,7.5,7.5,6.5,8.5,8.5,7.5,7.5,7.5,8.5,8.5,7.5,8.5,7.5,8.5,8.5,7.5,7.5,7.5,8.5,7.5,10.5,8.5,8.5,9.5,10.5,10.5,7.5,6.5,4.5,7.5,5.5,7.5,5.5,6.5,5.5,7.5,6.5,7.5,9.5,6.5,7.5,7.5,8.5,8.5,6.5,8.5,8.5,7.5,8.5,7.5,7.5,8.5,8.5,7.5,7.5,6.5,7.5,7.5,7.5,8.5,8.5,9.5,7.5,7.5,8.5,8.5,8.5,9.5,8.5,8.5,8.5,7.5,8.5,8.5,8.5,8.5,8.5,9.5,9.5,9.5,8.5,8.5,5.5,4.5,5.5,5.5,5.5,5.5,6.5,8.5,7.5,6.5,6.5,7.5,7.5,7.5,6.5,7.5,7.5,7.5,8.5,7.5,8.5,8.5,7.5,8.5,8.5,7.5,8.5,7.5,8.5,8.5,8.5,8.5,9.5,9.5,7.5,8.5,7.5,7.5,8.5,7.5,7.5,8.5,9.5,8.5,10.5,9.5,9.5,10.5,9.5,9.5,9.5,9.5,9.5,10.5,9.5,9.5,10.5,11.5,9.5,11.5,10.5,7.5,5.5,6.5,6.5,7.5,6.5,6.5,6.5,6.5,7.5,8.5,6.5,8.5,7.5,7.5,6.5,7.5,9.5,5.5,7.5,8.5,8.5,8.5,7.5,6.5,8.5,7.5,7.5,9.5,8.5,7.5,9.5,10.5,9.5,8.5,6.5,8.5,9.5,9.5,6.5,6.5,7.5,8.5,7.5,8.5,8.5,8.5,9.5,9.5,8.5,10.5,10.5,9.5,9.5,8.5,10.5,12.5,9.5,9.5,9.5,9.5,9.5,9.5,10.5,9.5,9.5,9.5,8.5,10.5,10.5,10.5,8.5,10.5,9.5,8.5,9.5,8.5,14.5,10.5,11.5,10.5,10.5,10.5,11.5,10.5,10.5,10.5,9.5,10.5,9.5,11.5,9.5,12.5,11.5,10.5,11.5,10.5,10.5,10.5,10.5,10.5,12.5,11.5,9.5,11.5,11.5,10.5,11.5,12.5,12.5,10.5,12.5,11.5,4.5,5.5,8.5,6.5,7.5,8.5,6.5,6.5,7.5,8.5,9.5,8.5,7.5,6.5,7.5,7.5,6.5,10.5,8.5,9.5,10.5,7.5,7.5,8.5,8.5,7.5,9.5,8.5,10.5,9.5,6.5,6.5,7.5,7.5,7.5,6.5,6.5,7.5,8.5,9.5,8.5,8.5,8.5,7.5,8.5,8.5,7.5,9.5,8.5,9.5,8.5,8.5,8.5,9.5,9.5,8.5,9.5,8.5,8.5,7.5,9.5,8.5,11.5,8.5,8.5,10.5,9.5,9.5,9.5,9.5,10.5,9.5,8.5,9.5,9.5,9.5,9.5,9.5,9.5,10.5,8.5,10.5,11.5,9.5,9.5,10.5,8.5,10.5,9.5,8.5,8.5,11.5,10.5,12.5,8.5,10.5,10.5,10.5,10.5,11.5,9.5,10.5,9.5,9.5,10.5,13.5,9.5,9.5,10.5,9.5,12.5,11.5,9.5,10.5,10.5,11.5,10.5,13.5,11.5,10.5,10.5,11.5,10.5,11.5,12.5,9.5,9.5,10.5,10.5,13.5,12.5,10.5,11.5,13.5,10.5,14.5,6.5,7.5,9.5,7.5,9.5,9.5,11.5,9.5,10.5,9.5,9.5,11.5,9.5,6.5,5.5,8.5,7.5,8.5,7.5,8.5,7.5,9.5,7.5,8.5,8.5,7.5,7.5,9.5,12.5,9.5,8.5,8.5,9.5,8.5,9.5,8.5,9.5,10.5,8.5,9.5,10.5,9.5,9.5,9.5,10.5,12.5,9.5,11.5,11.5,9.5,10.5,10.5,8.5,11.5,10.5,9.5,10.5,9.5,10.5,10.5,10.5,10.5,10.5,9.5,11.5,10.5,11.5,7.5,10.5,10.5,10.5,11.5,11.5,12.5,11.5,11.5,11.5,11.5,5.5,5.5,6.5,7.5,8.5,7.5,6.5,7.5,7.5,7.5,8.5,7.5,8.5,7.5,10.5,7.5,8.5,7.5,8.5,8.5,8.5,9.5,8.5,9.5,8.5,8.5,11.5,9.5,10.5,6.5,6.5,6.5,7.5,9.5,9.5,9.5,8.5,9.5,8.5,7.5,10.5,9.5,10.5,9.5,9.5,12.5,8.5,11.5,10.5,6.5,10.5,8.5,5.5,4.5,7.5,10.5,10.5,8.5,8.5,10.5,6.5,7.5,5.5,7.5,6.5,7.5,7.5,14.5,6.5,12.5,11.5,7.5,7.5,8.5,8.5,8.5,9.5,12.5,15.5,9.5,8.5,10.5,10.5,7.5,7.5,7.5,8.5,9.5,9.5,11.5,9.5,16.5,10.5,8.5,7.5,7.5,13.5,9.5,13.5,13.5,13.5,12.5,12.5,11.5,8.5,15.5,15.5,15.5,18.5,15.5,14.5,17.5,16.5,16.5,13.5,16.5,10.5,10.5,16.5,14.5,15.5,12.5,17.5,10.5,7.5,9.5,6.5,7.5,6.5,6.5,5.5,9.5,9.5,6.5,7.5,7.5,7.5,8.5,8.5,7.5,7.5,9.5,7.5,9.5,11.5,8.5,12.5,5.5,5.5,6.5,5.5,6.5,6.5,7.5,7.5,8.5,8.5,7.5,7.5,8.5,7.5,8.5,8.5,7.5,7.5,8.5,7.5,9.5,8.5,7.5,8.5,8.5,9.5,8.5,8.5,5.5,6.5,6.5,7.5,7.5,7.5,9.5,7.5,8.5,8.5,8.5,8.5,8.5,7.5,8.5,8.5,8.5,9.5,9.5,8.5,9.5,9.5,9.5,10.5,10.5,9.5,9.5,4.5,5.5,5.5,6.5,7.5,7.5,7.5,8.5,6.5,8.5,9.5,8.5,8.5,9.5,9.5,8.5,8.5,9.5,8.5,7.5,9.5,9.5,8.5,9.5,9.5,8.5,10.5,8.5,9.5,9.5,9.5,8.5,9.5,9.5,11.5,10.5,10.5,9.5,9.5,9.5,9.5,10.5,11.5,11.5,10.5,11.5,10.5,12.5,11.5,12.5,12.5,11.5,10.5,6.5,5.5,5.5,8.5,7.5,8.5,9.5,6.5,7.5,8.5,8.5,8.5,8.5,9.5,9.5,8.5,7.5,5.5,6.5,7.5,8.5,6.5,8.5,8.5,9.5,7.5,9.5,8.5,8.5,10.5,9.5,9.5,9.5,10.5,9.5,10.5,9.5,10.5,9.5,9.5,9.5,12.5,11.5,9.5,11.5,9.5,9.5,9.5,10.5,10.5,10.5,10.5,11.5,10.5,11.5,12.5,+ 12.5,10.5,7.5,9.5,7.5,8.5,9.5,9.5,5.5,7.5,9.5,8.5,9.5,7.5,7.5,8.5,9.5,10.5,9.5,9.5,10.5,9.5,9.5,10.5,8.5,9.5,9.5,8.5,12.5,12.5,9.5,10.5,11.5,12.5,10.5,9.5,10.5,9.5,12.5,5.5,6.5,7.5,8.5,8.5,9.5,6.5,6.5,6.5,8.5,8.5,9.5,9.5,8.5,8.5,8.5,7.5,12.5,6.5,6.5,5.5,8.5,12.5,9.5,6.5,6.5,8.5,9.5,16.5,10.5,15.5,10.5,10.5,9.5,9.5,7.5,6.5,17.5,11.5,10.5,12.5,12.5,13.5,13.5,17.5,14.5,14.5,13.5,9.5,16.5,18.5,14.5,15.5,14.5,11.5,12.5,9.5,11.5,7.5,9.5,21.5,11.5,12.5,18.5,14.5,18.5,17.5,7.5,6.5,9.5,6.5,10.5,8.5,9.5,7.5,8.5,8.5,7.5,8.5,9.5,5.5,7.5,7.5,6.5,7.5,7.5,7.5,8.5,7.5,9.5,7.5,9.5,8.5,8.5,9.5,9.5,4.5,5.5,7.5,7.5,8.5,7.5,8.5,8.5,9.5,7.5,8.5,8.5,9.5,8.5,9.5,9.5,4.5,5.5,5.5,7.5,7.5,7.5,8.5,7.5,7.5,8.5,8.5,8.5,7.5,7.5,10.5,9.5,7.5,9.5,9.5,9.5,9.5,9.5,10.5,9.5,8.5,10.5,10.5,10.5,9.5,10.5,9.5,10.5,9.5,11.5,10.5,9.5,10.5,11.5,11.5,12.5,12.5,5.5,9.5,6.5,8.5,9.5,9.5,7.5,8.5,6.5,6.5,6.5,7.5,7.5,9.5,7.5,9.5,9.5,8.5,10.5,9.5,9.5,8.5,10.5,10.5,9.5,10.5,10.5,9.5,11.5,10.5,10.5,12.5,11.5,11.5,9.5,10.5,10.5,10.5,9.5,10.5,11.5,12.5,12.5,12.5,6.5,8.5,8.5,8.5,10.5,10.5,9.5,11.5,6.5,6.5,8.5,7.5,7.5,8.5,9.5,8.5,9.5,9.5,9.5,9.5,10.5,11.5,10.5,9.5,12.5,11.5,10.5,10.5,11.5,10.5,10.5,13.5,4.5,7.5,8.5,8.5,9.5,9.5,9.5,7.5,9.5,5.5,9.5,7.5,10.5,6.5,6.5,8.5,10.5,8.5,10.5,5.5,5.5,14.5,10.5,11.5,16.5,12.5,20.5,12.5,14.5,12.5,11.5,15.5,13.5,11.5,18.5,7.5,6.5,7.5,6.5,9.5,10.5,5.5,6.5,7.5,7.5,7.5,7.5,7.5,7.5,7.5,8.5,9.5,7.5,8.5,8.5,7.5,5.5,6.5,7.5,7.5,7.5,7.5,8.5,7.5,9.5,9.5,7.5,7.5,8.5,8.5,7.5,9.5,8.5,8.5,9.5,9.5,11.5,12.5,9.5,11.5,12.5,12.5,11.5,9.5,7.5,8.5,7.5,8.5,9.5,8.5,9.5,9.5,10.5,9.5,9.5,10.5,9.5,10.5,11.5,8.5,8.5,9.5,9.5,5.5,10.5,9.5,9.5,9.5,10.5,11.5,11.5,12.5,11.5,7.5,8.5,7.5,8.5,9.5,7.5,7.5,9.5,8.5,8.5,8.5,11.5)
+ )
> 
> lm.sol <- lm(y ~ x_l + x_d + x_h + x_whole + x_shucked + x_viscera + x_shell, data = database)
> 
> # pdf("length.pdf")
> # plot(y=database$y, x=database$x_l)
> # pdf("diameter.pdf")
> # plot(y=database$y, x=database$x_d)
> # pdf("height.pdf")
> # plot(y=database$y, x=database$x_h)
> 
> # pdf("whole_weight.pdf")
> # plot(y=database$y, x=database$x_whole)
> # pdf("shucked_weight.pdf")
> # plot(y=database$y, x=database$x_shucked)
> # pdf("viscera_weight.pdf")
> # plot(y=database$y, x=database$x_viscera)
> # pdf("shell_weight.pdf")
> # plot(y=database$y, x=database$x_shell)
> 
> summary(lm.sol)

Call:
lm(formula = y ~ x_l + x_d + x_h + x_whole + x_shucked + x_viscera + 
    x_shell, data = database)

Residuals:
    Min      1Q  Median      3Q     Max 
-8.0870 -0.9375 -0.2514  0.5947 10.0078 

Coefficients:
            Estimate Std. Error t value Pr(>|t|)    
(Intercept)   4.4380     0.3113  14.256  < 2e-16 ***
x_l          -2.7461     2.4851  -1.105 0.269347    
x_d           5.9345     3.1786   1.867 0.062116 .  
x_h          28.8253     3.6232   7.956 3.77e-15 ***
x_whole       8.2272     1.4910   5.518 4.12e-08 ***
x_shucked   -14.6625     1.6283  -9.005  < 2e-16 ***
x_viscera   -11.2791     3.2068  -3.517 0.000451 ***
x_shell      10.6606     2.3282   4.579 5.11e-06 ***
---
Signif. codes:  0 *** 0.001 ** 0.01 * 0.05 . 0.1   1

Residual standard error: 1.616 on 1334 degrees of freedom
Multiple R-squared:  0.5879,	Adjusted R-squared:  0.5858 
F-statistic: 271.9 on 7 and 1334 DF,  p-value: < 2.2e-16

> # pdf("first.pdf")
> # plot(lm.sol)
> 
> tstep <- step(lm.sol)
Start:  AIC=1296.98
y ~ x_l + x_d + x_h + x_whole + x_shucked + x_viscera + x_shell

            Df Sum of Sq    RSS    AIC
- x_l        1     3.191 3489.0 1296.2
<none>                   3485.8 1297.0
- x_d        1     9.109 3494.9 1298.5
- x_viscera  1    32.325 3518.1 1307.4
- x_shell    1    54.787 3540.6 1315.9
- x_whole    1    79.558 3565.3 1325.3
- x_h        1   165.387 3651.2 1357.2
- x_shucked  1   211.878 3697.7 1374.2

Step:  AIC=1296.21
y ~ x_d + x_h + x_whole + x_shucked + x_viscera + x_shell

            Df Sum of Sq    RSS    AIC
<none>                   3489.0 1296.2
- x_d        1     8.758 3497.7 1297.6
- x_viscera  1    33.186 3522.2 1306.9
- x_shell    1    54.521 3543.5 1315.0
- x_whole    1    79.959 3568.9 1324.6
- x_h        1   162.779 3651.8 1355.4
- x_shucked  1   215.621 3704.6 1374.7
> summary(tstep)

Call:
lm(formula = y ~ x_d + x_h + x_whole + x_shucked + x_viscera + 
    x_shell, data = database)

Residuals:
    Min      1Q  Median      3Q     Max 
-8.0947 -0.9338 -0.2530  0.6001 10.0354 

Coefficients:
            Estimate Std. Error t value Pr(>|t|)    
(Intercept)   4.3214     0.2929  14.753  < 2e-16 ***
x_d           2.8837     1.5753   1.831 0.067381 .  
x_h          28.5060     3.6120   7.892 6.15e-15 ***
x_whole       8.2473     1.4910   5.531 3.82e-08 ***
x_shucked   -14.7666     1.6257  -9.083  < 2e-16 ***
x_viscera   -11.4193     3.2046  -3.563 0.000379 ***
x_shell      10.6341     2.3283   4.567 5.39e-06 ***
---
Signif. codes:  0 *** 0.001 ** 0.01 * 0.05 . 0.1   1

Residual standard error: 1.617 on 1335 degrees of freedom
Multiple R-squared:  0.5875,	Adjusted R-squared:  0.5857 
F-statistic: 316.9 on 6 and 1335 DF,  p-value: < 2.2e-16

> # pdf("second.pdf")
> # plot(tstep)
> 
> 
